300002 000002 000003
300003 000010 000011 000012
300004 000010 000011 000012 000013 000014 000015 000016 000017 000018 000019 000020
300010 000010 000011 000012 101000 031001 000030
301001 001001 001002
301002 001003 001004 001005
301003 001011 001012 001013
301004 001001 001002 001015 002001
301005 001035 001034
301011 004001 004002 004003
301012 004004 004005
301013 004004 004005 004006
301014 102002 004001 004002 004003 004004 004005
301021 005001 006001
301022 005001 006001 007001
301023 005002 006002
301024 005002 006002 007001
301025 005002 006002 004003 004004 004005
301026 005001 006001 004003 004003 004004 004004 004005 004005
301027 008007 101000 001001 001002 008040 033042 007010 101000 031002 005002 006002 019007 008040
301028 008040 033042 007010 101000 031002 005002 006002 019007 008040
301029 001018 002001 004001 004002 004003
301030 001018 002001 004001 004002 004003 005002 006002 007001
301031 001001 001002 002001 004001 004002 004003 004004 004005 005001 006001 007001
301032 001001 001002 002001 004001 004002 004003 004004 004005 005002 006002 007001
301033 001005 002001 004001 004002 004003 004004 004005 005001 006001
301034 001005 002001 004001 004002 004003 004004 004005 004004 004005
301035 001005 001012 001013 002001 004001 004002 004003 004004 004005 004004 004005
301036 001011 001012 001013 002001 004001 004002 004003 004004 004005 004004 004005
301037 001001 001002 002011 002012 004001 004002 004003 004004 004005 005001 006001 007001
301038 001001 001002 002011 002012 004001 004002 004003 004004 004005 005002 006002 007001
301039 001011 001012 001013 002011 002012 004001 004002 004003 004004 004005 004004 004005
301040 001011 001012 001013 002011 002012 004001 004002 004003 004004 004005 005002 006002 007001
301041 001007 002021 002022 004001 004002 004003 004004 004005
301042 001007 002021 002022 004001 004002 004003 004004 004005 005001 006001
301043 001007 002023 004001 004002 004003 004004 004005 004006 005001 006001
301044 001007 002024 004001 004002 004003 004004 004005 004006 005001 006001
301045 004001 004002 004003 004004 004005 201138 202131 004006 201000 202000 027031 028031 010031 001041 001042 001043
301046 001007 001012 002048 021119 025060 202124 002026 002027 202000 005040
301047 001007 025060 001033 001034 001012 004001 004002 004003 004004 004005 201138 202131 004006 201000 202000 027031 028031 010031 001041 001042 001043 002021 004001 004002 004003 004004 004005 201138 202131 004006 201000 202000 004004 004005
301048 002104 002121 002113 002026 002027 002111 002140 202127 001013 202126 007001 202000 025010 021064
301049 002111 002112 021062 021063 021065
301051 001006 002061 004001 004002 004003 004004 004005 005001 006001 008004
301055 001005 002001 004001 004002 004003 004004 004005 005001 006001 001012 001014
301062 101000 031001 001001 001002
301065 001006 001008 002001 002002 002005 002062 002070 002065
301066 004001 004002 004003 004004 004005 004006 004004 004005 007004 002064 008004
301070 002143 002142 002144
301071 002143 002142 002145 002146
301072 002143 002142 002145 002146 004001 004002 004003 004004 004005 004006 005001 006001
301074 002143 002142 002145 002146
301075 001001 001002 001015 005001 006001 007001 008021 004001 004002 004003 004004 004005
301076 002011 002143 002142
301089 001101 001102
301090 001001 001002 001015 002001 004001 004002 004003 004004 004005 005001 006001 007030 007031
301091 002180 002181 002182 002183 002184 002179 002186 002187 002188 002189
301092 001011 001003 002001 004001 004002 004003 004004 004005 005001 006001 007030 007031 033024
301093 001011 001012 001013 002001 004001 004002 004003 004004 004005 004004 004005 007030 007031
301110 001001 001002 001011 002011 002014 002003
301111 001001 001002 001011 002011 002013 002014 002003
301112 001006 002011 002013 002014 002003
301113 008021 004001 004002 004003 004004 004005 004006
301114 005001 006001 007030 007031 007007 033024
301120 001001 001002 001094 002011 008041 004001 004002 004003 004004 004005 201135 202130 202000 201000 005001 006001 007031 007007
301121 008041 004001 004002 004003 004004 004005 201135 202130 202000 201000 005001 006001 007031 007007
301122 004001 004002 004003 004004 004005 201135 202130 202000 201000
301123 30 102002 008041 001062 001001 001002 001094 002011 001018 001095 025061 025068 001082 001083 001081 002067 002065 002066 002095 002096 002097 002016 002083 002080 002081 001093 002084 002085 002086 002082 008041 004001 004002 004003
301125 001033 001034 025060 001007 002019 001012
301194 001194 001012 001013 002011 002012 004001 004002 004003 004004 004005 004004 004005 007001
301195 001195 001012 001013 002011 002012 004001 004002 004003 004004 004005 004004 004005 007001
301196 001011 001012 001013 002011 002012 004001 004002 004003 004004 004005 004004 004005 007001
301197 001006 001008 002061 002062 002002 002005 002070 002063 002001
301200 001032 033194
301201 101003 033193
301202 001031 001032
301237 001007 001012 002021 004001 004002 004003 004004 004005 201138 202131 004006 201000 202000 004004 004005
301238 002104 002121 002113 002026 002027 002111 002192 202127 001013 202126 007001 202000 025010 021194
301239 002111 002112 021192 021193 021195
301240 201131 202129 022021 201000 202000
301241 201141 202130 007001 201000 202000
301242 021207 021208 021209 021210 021211 021212
301250 004001 004002 004003 004004 004005 004006 005001 006001
302001 010004 010051 010061 010063
302002 010004 007004 010003 010061 010063
302003 011011 011012 012004 012006 013003 020001 020003 020004 020005
302004 020010 008002 020011 020013 020012 020012 020012
302005 008002 020011 020012 020013
302006 010004 010051 010062 010063
302011 010004 010051 010061 010063 011011 011012 012004 012006 013003 020001 020003 020004 020005 020010 008002 020011 020013 020012 020012 020012
302012 010004 007004 010003 010061 010063 011011 011012 012004 012006 013003 020001 020003 020004 020005 020010 008002 020011 020013 020012 020012 020012
302013 010004 010051 010062 010063 011011 011012 012004 012006 013003 020001 020003 020004 020005 101000 031001 008002 020011 020012 020013
302021 022001 022011 022021
302022 022002 022012 022022
302023 022003 022013 022023
302024 022002 022012 022022 101002 022003 022013 022023
302031 010004 010051 010061 010063 010062 007004 010009
302032 007032 012101 012103 013003
302033 007032 020001
302034 007032 013023
302041 004024 012112
302042 007032 002002 008021 004025 011001 011002 008021 103002 004025 011043 011041
302043 101002 004024 012112 007032 002002 008021 004025 011001 011002 008021 103002 004025 011043 011041 007032
302044 004024 002004 013033
302045 004024 014002 014004 014016 014028 014029 014030
302046 004024 012049
302047 102003 008002 020054
302048 005021 007021 020012 005021 007021
302049 008002 020011 020013 020012 020012 020012 008002
302050 008041 005021 007005 202130 006021 202000 008041 201131 202129 002115 010004 002115 013003 202000 201000 002115 011001 011002 002115 102002 012101 004024 002115 012103 012102 101003 020012 020011 020013 101002 020003
302051 010004 010051 007004 010003 012004 012051 012016 012017 013004 102004 008051 008020
302052 007032 007033 012101 002039 012102 012103 013003
302053 007032 007033 020001
302054 007032 007033 012101 002039 012102 012103 013003 007032 007033 020001 007033 007032 013023 007032 020010 008002 020011 020013 020012 020012 020012 101000 031001 008002 020011 020012 020013
302055 020031 020032 020033 020034 020035 020036 020037 020038
302056 002038 007063 022043 007063
302057 002038 007063 022043 007063 022001 022011 022021 022002 022012 022022 101002 022003 022013 022023
302058 007032 007033 004024 004024 012111 004024 004024 012112
302059 007032 007033 002002 008021 004025 011001 011002 008021 103002 004025 011043 011041
302060 007032 007033 004024 004024 012111 004024 004024 012112 007032 007033 002002 008021 004025 011001 011002 008021 103002 004025 011043 011041
302066 020023 020024 020027 020054 020023 020027 020054 020025 020026 020027 020040 020066 020027 020021 020067 020027
302069 007032 007033 033041 020001
302070 007032 007033 011001 011002 011043 011041 011016 011017
302071 007032 007033 008021 004025 011001 011002 008021 103002 004025 011043 011041 004025 011016 011017
302072 007032 007033 012101 012103 013003
302073 020010 105004 007002 020011 020012 033041 020013
302074 020003 004025 020004 020005
302075 008021 004025 013055 013058 008021
302076 020021 020022 026020 020023 020024 020025 020026
302077 007032 007033 004025 012111 012112 007032 004025 012112
302078 002176 020062 002177 013013
302079 007032 002175 002178 004025 013011
302080 002185 004025 013033
302081 004025 014031
302082 004025 014002 014004 014016 014028 014029 014030
302083 004025 008023 010004 011001 011002 012101 013003 008023
302084 010004 010051 010061 010063 010062 007004 010009 007032 007033 012101 012103 013003 103000 031000 101005 012130 007061 101000 031000 007032 007033 033041 020001 007033 105000 031000 020031 020032 002038 022043 022001 022011 022021 101000 031000 002176 020062 002177 013013 012113 101000 031000 020010 008002 020011 020013 020012 020012 020012 105000 031001 008002 020011 020012 033041 020013 101000 031000 102003 008002 020054 101000 031000 005021 007021 020012 005021 007021
302085 105000 031000 020003 103002 004024 020004 020005 101000 031000 008021 004025 013155 013058 008021 102000 031000 004025 020021 020022 026020 020023 020024 020025 020026 102000 031000 004025 013059 007032 007033 008021 004025 011001 011002 008021 103003 004025 011043 011041 004025 011016 011017 007032 007033 004025 012111 012112 007032 004025 012112 007033 004024 012112 106000 031000 007032 002175 002178 102005 004024 013011 007032 103000 031000 002185 101002 004024 002004 013033 102000 031000 101002 102000 031000 101002 004024 014002 014004 014016 014028 014029 014030 101000 031000 004024 012049 101000 031000 004025 008023 010004 011001 011002 012101 013003 008023
302089 020101 020102 020103 020104 020105 020106 020107 020108
302175 008021 004025 013155 013058 008021
302205 201131 202129 022021 201000 202000
302206 201131 202129 022021 201000 202000 201130 202129 022011 201000 202000 022001 011001 011002
302207 022193 022194 022195 022196 022197
302250 102000 031001 020193 020194 020012
303001 007003 011001 011002
303002 007004 011001 011002
303003 007004 010003 012001 012003
303004 007004 010003 012001 012003 011001 011002
303011 007003 008001 011001 011002
303012 007004 008001 011001 011002
303013 007004 008001 010003 012001 013003 011001 011002
303014 007004 008001 010003 012001 012003 011001 011002
303021 007004 007004 204007 031021
303022 007004 007004 204007 031021 010003 204000
303023 007004 007004 204007 031021 012001 204000
303024 007004 007004 204007 031021 013016 204000
303025 002025 204007 031021 012063 204000
303026 007004 008003 204007 031021 012001 204000
303027 007004 204007 031021 010003 204000
303031 007004 008003 007021 007022 008012 012061
303032 020011 020016
303033 020010 020016
303040 008041 004025 004026 005001 006001 004001 004002 004003 004004 004005 201135 202130 202000 201000 201131 202129 025069 007004 013003 202000 201000 002013 012101 010009 102002 008040 035035
303041 002152 002023 007004 011001 011002 002153 002154 012071
303249 002252 104000 031001 002199 007004 007004 013003
303250 002252 002023 007004 011001 011002 002197 002198 012193
303251 002252 105000 031001 002254 002251 002197 002198 012063
303252 002252 105000 031001 002254 002251 002197 002198 012194
303053 004086 008042 007009 005015 006015 011061 011062
303054 004086 008042 007004 010009 005015 005015 012101 012103 011001 011002
304001 008003 010004 012001 011001 011002
304002 008003 010004 011001 011002
304003 008003 012001
304004 008003 010004 020010 012001
304005 002024 007004 007004 013003
304006 014001 014001 014003
304011 002163 002164 008012 007024 002057 008021 004001 004002 004003 004004 008021 004024 110004 008021 004004 004005 004006 008021 004004 004005 004006 011001 011002 103010 002163 007004 012001
304030 027031 028031 010031
304031 001041 001042 001043
304032 002153 002154 020081 020082 020012
304033 002152 002166 002167 002153 002154 012075 012076 012063
304034 102004 027001 028001 007022 005043 020010 020016 033003 010040
304035 002153 002154 012063 008001 012063 008001 012063 008001 008003 012063 008003 012063 008003 012063 008003
304036 020082 008012 020082 008012 020081 008003 020081 008003 020081 008003 020081 008003
304228 005217 006217 007217
304229 001208 001209 001210
304250 002231 002232 008012 007024 002057 008021 004001 004002 004003 004004 008021 004024 110004 008021 004004 004005 004006 008021 004004 004005 004006 011001 011002 103010 002231 007004 012001
305003 004004 004005 004064 101000 031001
305006 013072 013082 013019 012001 013073 013060
305007 001018 002001 004001 004002 004003 004004 004005 003065 101000 031001 013072 013082 013019 012001 013073 013060
305008 013072 013082 013019 012001 013073 013060 012030
305009 001018 002001 004001 004002 004003 004004 004005 004065 101000 031001 013072 013082 013019 012001 013073 013060 012030
305011 001018 002001 004001 004002 004003 004004 004005 004065 101000 031001
305018 001018 002001 004001 004002 004003 004004 004005 004065 103000 031001 013072 013082 013019 012001 013073 013060 012030
306001 002032 102000 031001 007062 022042
306002 002031 022004 022031
306003 002002 011011 011012 012004
306004 002032 002033 103000 031001 007062 022043 022062
306005 002031 103000 031001 007062 022004 022031
306006 002002 011011 011012 012004 002031 022004 022031 022063
306007 001012 001014 002034 002035 002036 004024 027003 028003
306008 002034 002035 002036
306019 001075 004001 004002 004003 004004 004005 022042 022120 022121 004015 004065
306023 001015 004004 004005 004001 004002 004003 004004 004005 022038 022039 022120 022121
307001 001001 001002 002001 004001 004002 004003 004004 004005 005001 006001 007001 010004 010051 010061 010063 011011 011012 012004 012006 013003 020001 020003 020004 020005 020010 008002 020011 020013 020012
307002 001001 001002 002001 004001 004002 004003 004004 004005 005002 006002 007001 010004 010051 010061 010063 011011 011012 012004 012006 013003 020001 020003 020004 020005 020010 008002 020011 020013 020012
307003 001001 001002 002001 004001 004002 004003 004004 004005 005001 006001 007001 010004 010051 010061 010063 011011 011012 012004 101000 031001 008002 020011 020012 020013
307004 001001 001002 002001 004001 004002 004003 004004 004005 005002 006002 007001 010004 010051 010061 010063 011011 011012 012004 012006 013003 020001 020003 020004 020005 020010 008002 020011 020013 020012 101000 031001 008002 020011 020012 020013
307005 001001 001002 002001 004001 004002 004003 004004 004005 005001 006001 007001 010004 010051 010061 010063 011011 011012 012004 101004 008002 020011 020012 020013
307006 001001 001002 002001 004001 004002 004003 004004 004005 005002 006002 007001 010004 010051 010061 010063 011011 011012 012004 012006 013003 020001 020003 020004 020005 020010 008002 020011 020013 020012 101004 008002 020011 020012 020013
307007 001001 001002 002001 004001 004002 004003 004004 004005 005001 006001 007001 010004 007004 010003 010061 010063 011011 011012 012004 012006 013003 020001 020003 020004 020005 020010 008002 020011 020013 020012 020012 020012
307008 001001 001002 002001 004001 004002 004003 004004 004005 005002 006002 007001 010004 007004 010003 010061 010063 011011 011012 012004 012006 013003 020001 020003 020004 020005 020010 008002 020011 020013 020012 020012 020012
307009 001001 001002 002001 004001 004002 004003 004004 004005 005001 006001 007001 010004 010051 010062 010063 011011 011012 012004 012006 013003 020001 020003 020004 020005 101000 031001 008002 020011 020012 020013
307011 001063 002001 004001 004002 004003 004004 004005 005002 006002 007001 007006 011001 011016 011017 011002 011041 007006 012001 012003 010052 020009
307012 103000 031001 008023 005021 020001
307013 106000 031001 001064 008014 020061 008014 020061 020018
307014 101000 031001 020019
307015 101000 031001 008002 020011 020012 020013 008002 020011 020012 020013 020002
307016 101000 031001 020020
307017 101000 031001 020020
307018 008016 102000 031001 008017 004004 004005 104000 031001 007006 011001 011002 011041 020009 101000 031001 020001 101000 031001 020019
307020 001063 002001 004001 004002 004003 004004 004005 005002 006002 007001 007006 011001 011016 011017 011002 011041 007006 012001 012003 010052 020009 101000 031001 020019 101000 031001 020020
307021 001063 002001 004001 004002 004003 004004 004005 005002 006002 007001 007006 011001 011016 011017 011002 011041 007006 012001 012003 010052 020009 103000 031001 008023 005021 020001 106000 031001 001064 008014 020061 008014 020061 020018 101000 031001 020019 101000 031001 008002 020011 020012 020013 008002 020011 020012 020013 020002 101000 031001 020020 101000 031001 020020 008016 102000 031001 008017 004004 004005 104000 031001 007006 011001 011002 011041 020009 101000 031001 020001 101000 031001 020019 101000 031001 008002 020011 020012 020013 008002 020011 020012 020013 020002
307022 001015 004001 004002 004003 004004 004005 005001 006001 007001 008021 004025 010004 012001 013003 033038 008022 106025 002020 001050 005021 007021 015031 015032 008060 015033 015034 008060 015035 201131 202129 013016 202000 201000 015011
307030 015001 015002
307031 008022 008023 015001 008023 015001 008023 015002
307041 001001 001002 001015 005001 006001 007001 004001 004002 004003 004004 004005 002143 002142 002144 015001 015002
307042 001001 001002 001015 005001 006001 007001 004001 004002 004003 004004 004005 008021 004025 002143 002142 002144 008022 008023 015001 008023 015001 008023 015002
307043 001001 001002 001015 005002 006002 007001 004001 004002 004003 004004 004005 002143 002142 002145 002146 015001 015002
307045 001063 008079 002001 004001 004002 004003 004004 004005 004004 004005 007030 007031 007032 011001 011016 011017 008054 011083 011084 011002 008054 011084 011086 011041 008054 007032 012023 012024 007032 010052 020009
307046 020060 102000 031001 005021 020059
307047 105000 031001 008002 020011 020012 020013 020092 020002 020091
307048 008016 102000 031001 008017 004004 004005 112000 031000 007032 011001 008054 011083 011084 011002 008054 011085 011086 011041 008054 007032 020009 101000 031000 020060 101000 031001 020019 105000 031001 008002 020011 020012 020013 020092 020002 020091
307049 102000 031000 022043 022021
307050 101000 031000 020085 102000 031001 001064 020085 105000 031001 001064 020086 020087 020088 020089
307051 001063 008079 002001 004001 004002 004003 004004 004005 004004 004005 007030 007031 007032 011001 011016 011017 008054 011083 011084 011002 008054 011084 011086 011041 008054 007032 012023 012024 007032 010052 020009 020060 102000 031001 005021 020059 106000 031001 001064 008014 020061 008014 020061 020018 101000 031001 020019 105000 031001 008002 020011 020012 020013 020092 020002 020091 101000 031001 020020 101000 031001 020020 102000 031000 022043 022021 101000 031000 020085 102000 031001 001064 020085 105000 031001 001064 020086 020087 020088 020089 101000 031001 008016 102000 031001 008017 004004 004005 112000 031000 007032 011001 008054 011083 011084 011002 008054 011085 011086 011041 008054 007032 020009 101000 031000 020060 101000 031001 020019 105000 031001 008002 020011 020012 020013 020092 020002 020091
307052 001063 008039 004001 004002 004003 004004 004005 008079 008039 004001 004002 004003 004004 004005 008039 004001 004002 004003 004004 004005 004004 004005 007030 007031
307053 007032 011001 008054 011083 011084 011002 008054 011085 011086 011041 008054 007032 020009 020060 101000 031001 020019 105000 031001 008002 020011 020012 020013 020092 020002 020091
307054 007032 008039 004003 004004 008023 012023 008039 004003 004004 008023 012023 008023 007032
307055 033045 008016 008039 004003 004004 004005 008039 004003 004004 004005 007032 011001 008054 011083 011084 011002 008054 011085 011086 011041 008054 007032 020009 020060 101000 031001 020019 105000 031001 008002 020011 020012 020013 020092 020002 020091
307056 001063 008039 004001 004002 004003 004004 004005 008079 008039 004001 004002 004003 004004 004005 008039 004001 004002 004003 004004 004005 004004 004005 007030 007031 007032 011001 008054 011083 011084 011002 008054 011085 011086 011041 008054 007032 020009 020060 101000 031001 020019 105000 031001 008002 020011 020012 020013 020092 020002 020091 007032 008039 004003 004004 008023 012023 008039 004003 004004 008023 012023 008023 007032 101000 031001 033045 008016 008039 004003 004004 004005 008039 004003 004004 004005 007032 011001 008054 011083 011084 011002 008054 011085 011086 011041 008054 007032 020009 020060 101000 031001 020019 105000 031001 008002 020011 020012 020013 020092 020002 020091
307063 007061 012130
307071 001001 001002 001015 002001 004001 004002 004003 004004 004005 005001 006001 007030 007031 004074 004023 008023 010004 010051 007004 010009 007032 012101 002051 004051 012118 004052 012119 013004 008023 012151 007032 102005 008050 008020 014032 014033 008050 008020 102018 008052 008022 007032 008053 004003 012152 008053 004003 012153 008053 004003 008023 012101 008053 004003 008023 012101 008023 007032 002002 008053 004003 011046 008053 004003 004004 004023 007032 013060 013051 004053 008050 008020 102006 008052 008022 008053 004003 013052 007032
307072 004001 004001 004002 004003 004004 004074 004022 008023 010004 010051 007004 010009 007032 012101 002051 004051 012118 004052 012119 013004 012151 007032 014032 008023 004001 004001 004002 004003 004004 004022 007032 008023 013060 004053 008023 102008 008050 008020
307073 001001 001002 001015 002001 004001 004002 004003 004004 004005 005001 006001 007030 007031 004074 004023 008023 010004 010051 007004 010009 007032 012101 002051 004051 012118 004052 012119 013004 008023 012151 007032 102005 008050 008020 014032 014033 008050 008020 102018 008052 008022 007032 008053 004003 012152 008053 004003 012153 008053 004003 008023 012101 008053 004003 008023 012101 008023 007032 002002 008053 004003 011046 008053 004003 004004 004023 007032 013060 013051 004053 008050 008020 102006 008052 008022 008053 004003 013052 007032 004001 004001 004002 004003 004004 004074 004022 008023 010004 010051 007004 010009 007032 012101 002051 004051 012118 004052 012119 013004 012151 007032 014032 008023 004001 004001 004002 004003 004004 004022 007032 008023 013060 004053 008023 102008 008050 008020
307079 001001 001002 001015 002001 004001 004002 004003 004004 004005 005001 006001 007030 007031 010004 010051 010061 010063 010062 007004 010009 101000 031000 102003 008002 020054 008002 101000 031000 005021 007021 020012 005021 007021 102000 031000 022061 020058 101000 031000 002038 007063 022043 007063 101000 031000 020031 020032 020033 020034 020035 020036 020037 020038 101002 004024 012112 007032 002002 008021 004025 011001 011002 008021 103002 004025 011043 011041 007032 004024 002004 013033 101000 031001 004024 014002 014004 014016 014028 014029 014030 101000 031000 004024 012049
307080 001001 001002 001015 002001 004001 004002 004003 004004 004005 005001 006001 007030 007031 010004 010051 010061 010063 010062 007004 010009 102003 008002 020054 008002 005021 007021 020012 005021 007021 101002 004024 012112 007032 002002 008021 004025 011001 011002 008021 103002 004025 011043 011041 007032 004024 002004 013033 101002 004024 014002 014004 014016 014028 014029 014030 004024 012049
307081 001001 001002 001015 002001 004001 004002 004003 004004 004005 005001 006001 007030 007031 010004 010051 010061 010063 010062 007004 010009 102003 008002 020054 008002 005021 007021 020012 005021 007021 012122 013056 013057 020101 020102 020103 020104 020105 020106 020107 020108 101002 004024 012112 007032 002002 008021 004025 011001 011002 008021 103002 004025 011043 011041 007032 004024 002004 013033 101002 004024 014002 014004 014016 014028 014029 014030 004024 012049
307082 001001 001002 001015 002001 004001 004002 004003 004004 004005 005001 006001 007030 007031 010004 010051 010061 010063 010062 007004 010009 102003 008002 020054 008002 005021 007021 020012 005021 007021 012121 012122 101002 004024 012112 007032 002002 008021 004025 011001 011002 008021 103002 004025 011043 011041 007032 004024 002004 013033 101002 004024 014002 014004 014016 014028 014029 014030 004024 012049
307083 001001 001002 001015 002001 004001 004002 004003 004004 004005 005001 006001 007030 007031 010004 010051 010061 010063 010062 007004 010009 102003 008002 020054 008002 005021 007021 020012 005021 007021 012122 101002 004024 012112 007032 002002 008021 004025 011001 011002 008021 103002 004025 011043 011041 007032 004024 002004 013033 101002 004024 014002 014004 014016 014028 014029 014030 004024 012049
307084 001001 001002 001015 002001 004001 004002 004003 004004 004005 005001 006001 007030 007031 010004 010051 010061 010063 010062 007004 010009 102003 008002 020054 008002 005021 007021 020012 005021 007021 020055 101000 031001 205001 205001 101002 004024 012112 007032 002002 008021 004025 011001 011002 008021 103002 004025 011043 011041 007032 004024 002004 013033 101002 004024 014002 014004 014016 014028 014029 014030 004024 012049
307086 001001 001002 001015 002001 004001 004002 004003 004004 004005 005001 006001 007030 007031 010004 010051 010061 010063 010062 007004 010009 008002 020023 020024 020027 020054 020023 020027 020054 020025 020026 020027 020040 020066 020027 020021 020067 020027 101002 004024 012112 007032 002002 008021 004025 011001 011002 008021 103002 004025 011043 011041 007032 004024 002004 013033 101002 004024 014002 014004 014016 014028 014029 014030
307090 001011 001003 002001 004001 004002 004003 004004 004005 005001 006001 007030 007031 033024 010004 010051 010061 010063 010062 007004 010009 102003 008002 020054 008002 005021 007021 020012 005021 007021 101002 004024 012112 007032 002002 008021 004025 011001 011002 008021 103002 004025 011043 011041 007032 004024 002004 013033 101002 004024 014002 014004 014016 014028 014029 014030 004024 012049
307091 001101 001102 001001 001002 001015 002001 004001 004002 004003 004004 004005 005001 006001 007030 007031 008010 002180 002181 002182 002183 002184 002179 002186 002187 002188 002189 010004 010051 010061 010063 007004 010009 007032 007033 012101 012103 013003 103000 031000 101005 012130 007061 101000 031000 007032 007033 033041 020001 007032 007033 105000 031000 020031 020032 002038 022043 022001 022011 022021 101000 031000 002176 020062 002177 013013 101000 031000 020010 105004 007002 020011 020012 033041 020013 101000 031000 020003 004025 020004 020005 101000 031000 008021 004025 013155 013058 008021 102000 031000 004025 020021 020022 026020 020023 020024 020025 020026 007032 007033 008021 004025 011001 011002 008021 103002 004025 011043 011041 004025 011016 011017 007032 007033 004025 012111 012112 007032 004025 012112 007033 101000 031000 007032 002175 002178 004025 013011 007032 101000 031000 002185 004025 013033 101000 031000 004025 014031 101000 031000 004025 014002 014004 014016 014028 014029 014030 102000 031000 004025 013059 101000 031000 004025 008023 010004 011001 011002 012101 013003 008023 033005 033006
307096 001001 001002 001015 002001 004001 004002 004003 004004 004005 005001 006001 007030 007031 001101 001102 008010 002180 002181 002182 002183 002184 002179 002186 002187 002188 002189 010004 010051 010061 010063 010062 007004 010009 007032 007033 012101 012103 013003 103000 031000 101005 012130 007061 101000 105000 031000 020003 103002 004024 020004 020005 101000 031000 008021 004025 013155 013058 008021 102000 031000 004025 020021 020022 026020 020023 020024 020025 020026 102000 031000 004025 013059 007032 007033 008021 004025 011001 011002 008021 103003 004025 011043 011041 004025 011016 011017 007032 007033 004025 012111 012112 007032 004025 012112 007033 004024 012112 106000 031000 007032 002175 002178 102005 004024 013011 007032 103000 031000 002185 101002 004024 002004 013033 102000 031000 101002 102000 031000 101002 004024 014002 014004 014016 014028 014029 014030 101000 031000 004024 012049 101000 031000 004025 008023 010004 011001 011002 012101 013003 008023 033005 033006
308001 001005 002001 004001 004002 004003 004004 004005 005001 006001 010004 010051 010061 010063 011011 011012 012004 012006 013003 020001 020003 020004 020005 020010 008002 020011 020013 020012 022042
308002 001005 002001 004001 004002 004003 004004 004005 004004 004005 010004 010051 010061 010063 011011 011012 012004 012006 013003 020001 020003 020004 020005 020010 008002 020011 020013 020012 022042
308003 001005 001012 001013 002001 004001 004002 004003 004004 004005 004004 004005 010004 010051 010061 010063 011011 011012 012004 012006 013003 020001 020003 020004 020005 020010 008002 020011 020013 020012 022042
308004 001011 001012 001013 002001 004001 004002 004003 004004 004005 004004 004005 010004 010051 010061 010063 011011 011012 012004 012006 013003 020001 020003 020004 020005 020010 008002 020011 020013 020012 022042
308005 001011 001012 001013 002001 004001 004002 004003 004004 004005 004004 004005 010004 010051 010061 010063 011011 011012 012004 012006 013003 020001 020003 020004 020005 020010 008002 020011 020013 020012 022042 022002 022012 022022 101002 022003 022013 022023
308006 010004 010061 010063 011001 011002 012004 013003 022042
308007 001005 002001 004001 004002 004003 004004 004005 005001 006001 001012 001014 010004 010051 010061 010063 011011 011012 012004 012006 013003 020001 020003 020004 020005 020010 008002 020011 020013 020012 007062 022042
308009 001011 001012 001013 002001 004001 004002 004003 004004 004005 004004 004005 007030 007031 010004 010051 010061 010063 007032 007033 012101 002039 012102 012103 013003 007032 007033 020001 007033 007032 013023 007032 020010 008002 020011 020013 020012 020012 020012 101000 031001 008002 020011 020012 020013 008002 020031 020032 020033 020034 020035 020036 020037 020038 002038 007063 022043 007063 022001 022011 022021 022002 022012 022022 101002 022003 022013 022023 007032 007033 004024 004024 012111 004024 004024 012112 007032 007033 002002 008021 004025 011001 011002 008021 103002 004025 011043 011041
308010 001011 113000 031001 004001 004002 004003 004004 004005 005001 006001 004080 022049 004080 022059 004080 022005 002042 022032 002042 004080
308011 001011 002001 004001 004002 004003 004004 004005 004004 004005 007030 007031 004074 004023 008023 010051 007032 007033 012101 013004 007032 007033 002038 007063 022043 007063 008023 004003 004004 004023 007032 013060 013051 004053 007032
308012 004001 004001 004002 004003 004004 004074 004022 008023 010051 007032 007033 012101 013004 007032 007033 002038 007063 022043 007063 008023 004001 004001 004002 004003 004004 004022 007032 008023 013060 004053 008023
308013 001011 002001 004001 004002 004003 004004 004005 004004 004005 007030 007031 004074 004023 008023 010051 007032 007033 012101 013004 007032 007033 002038 007063 022043 007063 008023 004003 004004 004023 007032 013060 013051 004053 007032 004001 004001 004002 004003 004004 004074 004022 008023 010051 007032 007033 012101 013004 007032 007033 002038 007063 022043 007063 008023 004001 004001 004002 004003 004004 004022 007032 008023 013060 004053 008023
309001 001001 001002 002011 002012 004001 004002 004003 004004 004005 005001 006001 007001 101000 031001 007003 008001 011001 011002
309002 001001 001002 002011 002012 004001 004002 004003 004004 004005 005002 006002 007001 101000 031001 007003 008001 011001 011002
309003 001001 001002 002011 002012 004001 004002 004003 004004 004005 005001 006001 007001 101000 031001 007004 008001 011001 011002
309004 001001 001002 002011 002012 004001 004002 004003 004004 004005 005002 006002 007001 101000 031001 007004 008001 011001 011002
309005 001001 001002 002011 002012 004001 004002 004003 004004 004005 005001 006001 007001 020010 008002 020011 020013 020012 020012 020012 101000 031001 007004 008001 010003 012001 013003 011001 011002
309006 001001 001002 002011 002012 004001 004002 004003 004004 004005 005002 006002 007001 020010 008002 020011 020013 020012 020012 020012 101000 031001 007004 008001 010003 012001 013003 011001 011002
309007 001001 001002 002011 002012 004001 004002 004003 004004 004005 005001 006001 007001 020010 008002 020011 020013 020012 020012 020012 101000 031001 007004 008001 010003 012001 012003 011001 011002
309008 001001 001002 002011 002012 004001 004002 004003 004004 004005 005002 006002 007001 020010 008002 020011 020013 020012 020012 020012 101000 031001 007004 008001 010003 012001 012003 011001 011002
309011 001011 001012 001013 002011 002012 004001 004002 004003 004004 004005 004004 004005 101000 031001 007003 008001 011001 011002
309012 001011 001012 001013 002011 002012 004001 004002 004003 004004 004005 004004 004005 101000 031001 007004 008001 011001 011002
309013 001011 001012 001013 002011 002012 004001 004002 004003 004004 004005 004004 004005 020010 008002 020011 020013 020012 020012 020012 101000 031001 007004 008001 010003 012001 013003 011001 011002
309014 001011 001012 001013 002011 002012 004001 004002 004003 004004 004005 004004 004005 020010 008002 020011 020013 020012 020012 020012 101000 031001 007004 008001 010003 012001 012003 011001 011002
309015 001011 001012 001013 002011 002012 004001 004002 004003 004004 004005 005002 006002 007001 101000 031001 007003 008001 011001 011002
309016 001011 001012 001013 002011 002012 004001 004002 004003 004004 004005 005002 006002 007001 101000 031001 007004 008001 011001 011002
309017 001011 001012 001013 002011 002012 004001 004002 004003 004004 004005 005002 006002 007001 020010 008002 020011 020013 020012 020012 020012 101000 031001 007004 008001 010003 012001 013003 011001 011002
309018 001011 001012 001013 002011 002012 004001 004002 004003 004004 004005 005002 006002 007001 020010 008002 020011 020013 020012 020012 020012 101000 031001 007004 008001 010003 012001 012003 011001 011002
309019 001001 001002 002001 004001 004002 004003 004004 004005 005001 006001 007001 002003 101000 031001 007003 008001 011001 011002
309020 001001 001002 002001 004001 004002 004003 004004 004005 005001 006001 007001 002003 104000 031001 007003 011003 011004 011005
309030 015004 015005 104000 031001 004015 008006 007004 015003
309031 015004 015005 104000 031001 004025 008006 007004 015003
309040 001001 001002 001015 005001 006001 007001 008021 004001 004002 004003 004004 004005 002011 002143 002142 015004 015005 104000 031001 004015 008006 007004 015003
309042 001001 001002 001015 005001 006001 007001 004001 004002 004003 004004 004005 008021 004025 002143 002142 002144 008022 008023 015001 008023 015001 008023 015002 001001 001002 001015 005001 006001 007001 008021 004001 004002 004003 004004 004005 002011 002143 002142 015004 015005 104000 031001 004015 008006 007004 015003
309051 001001 001002 001011 002011 002014 002003 008021 004001 004002 004003 004004 004005 004006 005001 006001 007030 007031 007007 033024 101000 031002 101000 031001 004086 008042 007009 005015 006015 011061 011062
309052 001001 001002 001011 002011 002013 002014 002003 008021 004001 004002 004003 004004 004005 004006 005001 006001 007030 007031 007007 033024 008002 020011 020013 020012 020012 020012 008002 022043 101000 031002 004086 008042 007004 010009 005015 005015 012101 012103 011001 011002 101000 031001
309053 001006 002011 002013 002014 002003 008021 004001 004002 004003 004004 004005 004006 005001 006001 007030 007031 007007 033024 101000 031002 004086 008042 007004 010009 005015 005015 012101 012103 011001 011002 101000 031001
309054 001001 001002 001011 004001 004002 004003 004004 004005 005001 006001 007030 007031 007007 004023 004059 115000 031001 008001 008023 007004 010009 012101 012103 007023 011001 011002 008023 011019 008050 008020 008050 008020
309060 102002 008041 001062 001001 001002 001094 002011 001018 001095 025061 025068 001082 001083 001081 002067 002065 002066 002095 002096 002097 002016 002083 002080 002081 001093 002084 002085 002086 002082 008041 004001 004002 004003 008041 004001 004002 004003 004004 004005 201135 202130 202000 201000 005001 006001 007031 007007 008041 005021 007005 202130 006021 202000 008041 201131 202129 002115 010004 002115 013003 202000 201000 002115 011001 011002 002115 102002 012101 004024 002115 012103 012102 101003 020012 020011 020013 101002 020003 008041 004025 004026 005001 006001 004001 004002 004003 004004 004005 201135 202130 202000 201000 201131 202129 025069 007004 013003 202000 201000 002013 012101 010009 102002 008040 035035
309061 001001 001002 001094 002011 008041 004001 004002 004003 004004 004005 201135 202130 202000 201000 005001 006001 007031 007007 008041 004001 004002 004003 004004 004005 201135 202130 202000 201000 201131 202129 025069 007004 202000 201000 033077 033035 033015 013009 033007 033035 033015 002013 012101 033007 033035 033015
309062 001001 001002 001094 002011 008041 004001 004002 004003 004004 004005 201135 202130 202000 201000 005001 006001 007031 007007 008041 004001 004002 004003 004004 004005 201135 202130 202000 201000 005041 004001 004002 004003 004004 004005 201135 202130 202000 201000 005001 033035 033015 006001 033035 033015 007007 033035 033015 011003 033035 033015 011004 033035 033015 033007
309063 001001 001002 001094 002011 008041 004001 004002 004003 004004 004005 201135 202130 202000 201000 005001 006001 007031 007007 008041 004001 004002 004003 004004 004005 201135 202130 202000 201000 005001 033035 033015 006001 033035 033015 007007 033035 033015 011033 033035 033015 011004 033035 033015 033007
309064 001001 001002 001094 002011 008041 004001 004002 004003 004004 004005 201135 202130 202000 201000 005001 006001 007031 007007 008041 004001 004002 004003 004004 004005 201135 202130 202000 201000 201131 202129 104002 025069 007004 033035 003015 013003 033035 033015 202000 201000 104002 002013 012101 033035 033015 012103 033035 033015 010009 033035 033015
309065 001001 001002 001094 002011 008041 004001 004002 004003 004004 004005 201135 202130 202000 201000 005001 006001 007031 007007 008041 004001 004002 004003 004004 004005 201135 202130 202000 201000 005001 033035 033015 006001 033035 033015 007007 033035 033015 011003 033035 033015 011004 033035 033015
309066 001001 001002 001094 002011 008041 004001 004002 004003 004004 004005 201135 202130 202000 201000 005001 006001 007031 007007 008041 004001 004002 004003 004004 004005 201135 202130 202000 201000 008040 201131 202129 025069 007004 013003 202000 201000 002013 012101 012103 010009 010007 011002 011001
309194 001194 001012 001013 002011 002012 004001 004002 004003 004004 004005 004004 004005 007001 020010 008002 020011 020013 020012 020012 020012 101000 031001 007004 008001 010003 012001 012003 011001 011002
309195 001195 001012 001013 002011 002012 004001 004002 004003 004004 004005 004004 004005 007001 020010 008002 020011 020013 020012 020012 020012 101000 031001 007004 008001 010003 012001 012003 011001 011002
309196 001011 001012 001013 002011 002012 004001 004002 004003 004004 004005 004004 004005 007001 020010 008002 020011 020013 020012 020012 020012 101000 031001 007004 008001 010003 012001 012003 011001 011002
310001 001007 002021 002022 004001 004002 004003 004004 004005 005001 006001 007004 008003 007021 007022 008012 012061 020011 020016 101026 002025 204007 031021 012063 204000
310002 001007 002021 002022 004001 004002 004003 004004 004005 005001 006001 007004 008003 007021 007022 008012 012061 020011 020016 101009 007004 007004 204007 031021 012001 204000
310003 001007 002021 002022 004001 004002 004003 004004 004005 005001 006001 007004 008003 007021 007022 008012 012061 020011 020016 101006 007004 007004 204007 031021 012001 204000
310004 001007 002021 002022 004001 004002 004003 004004 004005 005001 006001 007004 008003 007021 007022 008012 012061 020011 020016 101003 007004 007004 204007 031021 013016 204000
310005 001007 002021 002022 004001 004002 004003 004004 004005 005001 006001 007004 008003 007021 007022 008012 012061 020010 020016 101000 031001 002025 204007 031021 012063 204000
310006 001007 002021 002022 004001 004002 004003 004004 004005 005001 006001 007004 008003 007021 007022 008012 012061 020010 020016 101000 031001 007004 007004 204007 031021 012001 204000
310007 001007 002021 002022 004001 004002 004003 004004 004005 005001 006001 007004 008003 007021 007022 008012 012061 020010 020016 101000 031001 007004 007004 204007 031021 013016 204000
310008 008070 001033 001034 008070 001033 001034 001007 002048 005040 025075 201133 005041 201000 005043 025070 033030 033031 004001 004002 004003 004004 004005 202131 201138 004006 201000 202000 005001 006001 202126 007001 202000 007024 005021 007025 005022 033033 002151 012064 002151 012064 002151 012064 002151 012064 101019 002150 025076 025077 025078 033032 201132 202129 012063 202000 201000 002150 025079 025080 033032 014045
310009 008070 001033 001034 008070 001033 001034 001007 002048 005040 025075 201133 005041 201000 005043 025070 033030 033031 004001 004002 004003 004004 004005 202131 201138 004006 201000 202000 005001 006001 202126 007001 202000 007024 005021 007025 005022 033033 002151 012064 002151 012064 002151 012064 002151 012064 101015 002150 025076 025077 025078 033032 201132 202129 012063 202000 201000
310010 008070 001033 001034 008070 001033 001034 001007 002048 005040 025075 201133 005041 201000 005043 025070 033030 033031 004001 004002 004003 004004 004005 202131 201138 004006 201000 202000 005001 006001 202126 007001 202000 007024 005021 007025 005022 033033 002151 012064 002151 012064 002151 012064 002151 012064 101005 002150 025076 025077 025078 033032 201132 202129 012063 202000 201000
310011 008070 001033 001034 008070 001033 001034 001007 002048 005040 025075 201133 005041 201000 005043 025070 033030 033031 004001 004002 004003 004004 004005 202131 201138 004006 201000 202000 005001 006001 202126 007001 202000 007024 005021 007025 005022 033033 002151 012064 002151 012064 002151 012064 002151 012064
310012 002150 025076 025077 025078 033032 201132 202129 012063 202000 201000
310013 001007 005040 004001 004002 004003 004004 004005 004006 005001 006001 007025 005043 025085 201131 202129 002150 008023 008072 014027 008072 014027 002150 008023 008072 014027 008072 014027 002150 008023 008072 014027 008072 014027 202000 201000 201132 202129 002150 008023 008072 012063 008072 012063 002150 008023 008072 012063 008072 012063 008023 008072 012063 008072 012063 002150 008023 008072 012063 008072 012063 202000 201000
310014 002143 002142 002145 002146 004001 004002 004003 004004 004005 004006 005001 006001 002152 002023 007004 011001 011002 002153 002154 012071 002163 002164 008012 007024 002057 008021 004001 004002 004003 004004 008021 004024 110004 008021 004004 004005 004006 008021 004004 004005 004006 011001 011002 103010 002163 007004 012001
310015 002143 002142 002145 002146 004001 004002 004003 004004 004005 004006 005001 006001 007024 010002 002152 002023 007004 011001 011002 002153 002154 012071 101003 002153 002154 020081 020082 020012 002152 002024 007004 007004 013003 101003 002152 002166 002167 002153 002154 012075 012076 012063
310016 002143 002142 002145 002146 004001 004002 004003 004004 004005 004006 005001 006001 007024 010002 002152 002023 007004 011001 011002 002153 002154 012071 101012 002153 002154 020081 020082 020012 002152 002024 007004 007004 013003 101012 002152 002166 002167 002153 002154 012075 012076 012063
310018 001007 005040 004001 004043 004004 004005 004006 207002 026030 207000 005002 006002 033072 007025 005022 207002 015001 207000 008003 207001 010004 207000 008003 008003 033042 207001 007004 207000 207002 015001 207000 008003 207002 020081 207000 020065 008029 207004 015030 207000 008075
310019 001007 002019 004001 004002 004003 004004 004005 004006 004004 004005 007025 008021 007025 008021 007025 008021 008029 005040 008075 008003 207002 015001 207000 033070 015030 207002 020081 207000 008003 033042 007004 207002 015001 207000 008003 113021 007004 007004 207002 008021 015005 008021 015005 033007 207000 008026 101020 025143 008026 008043 109015 007004 008090 207006 015008 207000 008090 207002 033007 207000 008043 033071 108008 202124 201107 002071 201000 202000 207002 020081 207000
310020 001007 002019 001033 002172 004001 004002 004003 004004 004005 004006 005001 006001 102004 027001 028001 007022 005043 020010 020016 033003 010040 108000 031001 201131 202129 007004 007004 202000 201000 015020 010002
310021 108000 031001 201131 202129 007004 007004 202000 201000 015020 010002
310022 001007 002019 001033 002172
310023 002143 002142 002145 002146 004001 004002 004003 004004 004005 004006 005001 006001 030021 030022 008012 007024 007025 010002 101012 002153 002154 020081 020082 020012 105002 002152 002024 007004 007004 013003 101012 002152 002166 002167 002153 002154 012075 012076 012063 
310024 002143 002142 002145 002146 004001 004002 004003 004004 004005 004006 005001 006001 030021 030022 008012 007024 007025 010002 101003 002153 002154 020081 020082 020012 105002 002152 002024 007004 007004 013003 101003 002152 002166 002167 002153 002154 012075 012076 012063 
310025 001007 008021 004001 004002 004003 004004 004005 201138 202131 004006 202000 201000 201132 005041 201000 201129 005043 201000 005002 006002 013040 020029 104024 005042 012163 021083 021084 115003 004001 004002 004003 201142 202131 004026 202000 201000 005001 006001 201138 201129 007001 202000 201000 008021 004001 004002 004003 004004 004005 005040 101003 012070 025054 101004 025055 008007 104028 005002 006002 002111 005021
310026 001007 002019 001033 002172 025060 008021 004001 004002 004003 004004 004005 201138 202131 004006 202000 201000 033039 033007 027031 028031 010031 001041 001042 001043 002020 001050 202127 027031 028031 010031 202000 001041 001042 001043 201133 202131 004016 202000 201000 005001 006001 027031 028031 010031 010035 005021 010036 113000 031002 005001 006001 005021 108000 031001 002121 007040 015037 008023 201125 015037 201000 008023 033007 108000 031002 007007 015036 008023 201123 015036 201000 008023 033007 116000 031002 007009 010004 012001 013001 008023 201120 010004 201000 201122 012001 201000 201123 013001 201000 008023 033007 008003 007009 010004 008023 201120 010004 201000 008023 033007
310027 002143 002142 002145 002146 004001 004002 004003 004004 004005 004006 005001 006001 030021 030022 010002 020082 008012 020082 008012 020081 008003 020081 008003 020081 008003 020081 008003 002152 002167 101011 002153 002154 012063 008001 012063 008001 012063 008001 008003 012063 008003 012063 008003 012063 008003
310029 110000 031001 201138 202130 007004 007004 202000 201000 015020 010002 012101 013098
310030 001007 002019 001033 002172 004001 004002 004003 004004 004005 004006 005001 006001 102004 027001 028001 007022 005043 020010 020016 033003 010040 110000 031001 201138 202130 007004 007004 202000 201000 015020 010002 012101 013098
310050 001007 005040 201133 005041 201000 201132 025070 201000 202126 007001 202000 007025 005022 102009 002151 012064 002019 004001 004002 004003 004004 004005 202131 201138 004006 201000 202000 005001 006001 007024 005021 005043 101000 031002 201134 005042 201000 025076 033032 012163 101004 201134 005042 201000 025076 033032 201131 202129 102002 008023 014027 008023 202000 201000 020010 002019 004001 004002 004003 004004 004005 202131 201138 004006 201000 202000 005001 006001 007024 005021 005043 101015 201134 005042 201000 025076 033032 012163 002019 004001 004002 004003 004004 004005 202131 201138 004006 201000 202000 005001 006001 007024 005021 005043 101004 201134 005042 201000 025076 033032 012163
310051 001007 005040 201133 005041 201000 201132 025070 201000 202126 007001 202000 007025 005022 102009 002151 012064
310052 002019 004001 004002 004003 004004 004005 202131 201138 004006 201000 202000 005001 006001 007024 005021 005043
310053 201134 005042 201000 025076 033032 012163
310054 201134 005042 201000 025076 033032 201131 202129 102002 008023 014027 008023 202000 201000
310055 001007 005040 201133 005041 201000 201132 025070 201000 202126 007001 202000 007025 005022 102009 002151 012064 002019 004001 004002 004003 004004 004005 202131 201138 004006 201000 202000 005001 006001 007024 005021 005043 102020 025076 025051 101000 031002 025050
310193 004001 004002 004003 004004 004005 004006 005001 006001 002252 002023 007004 011001 011002 002197 002198 012193 102000 031001 020193 020194 020012 002252 104000 031001 002199 007004 007004 013003 002252 105000 031001 002254 002251 002197 002198 012063
310194 004001 004002 004003 004004 004005 004006 005001 006001 002252 002023 007004 011001 011002 002197 002198 012193 102000 031001 020193 020194 020012 002252 104000 031001 002199 007004 007004 013003 002252 105000 031001 002254 002251 002197 002198 012194
310195 004001 004002 004003 004004 004005 004006 005001 006001 002252 002023 007004 011001 011002 002197 002198 012193 002231 002232 008012 007024 002057 008021 004001 004002 004003 004004 008021 004024 110004 008021 004004 004005 004006 008021 004004 004005 004006 011001 011002 103010 002231 007004 012001
310196 004001 004002 004003 004004 004005 004006 005001 006001 002252 104000 031001 002199 007004 007004 013003 002252 105000 031001 002254 002251 002197 002198 012063
311001 001006 002061 004001 004002 004003 004004 004005 005001 006001 008004 007002 012001 011001 011002 011031 011032 011033 020041
311002 001006 001008 002001 002002 002005 002062 002070 002065 004001 004002 004003 004004 004005 004006 004004 004005 007004 002064 008004 010070 011001 011002 012001 013002 101000 031000 011034 101000 031000 011035 101000 031000 011075 101000 031000 011076 101000 031000 033025 101000 031000 033026
311003 010070 011001 011002 012001 013002
311004 101000 031000 011034 101000 031000 011035 101000 031000 011075 101000 031000 011076 101000 031000 033025 101000 031000 033026
311005 001008 001023 005001 006001 004001 004002 004003 004004 004005 004006 007010 008009 011001 011002 011031 011036 012101 033025
311006 007010 011001 011002 002064 012101 012103
311007 007010 005001 006001 011001 011002 002064 012101 012103
311008 001008 004001 004002 004003 004004 004005 004006 005001 006001 008004 101000 031001 007010 011001 011002 002064 012101 012103
311009 001008 004001 004002 004003 004004 004005 004006 005001 006001 008004 101000 031001 007010 005001 006001 011001 011002 002064 012101 012103
311193 001006 001008 002061 002062 002002 002005 002070 002063 002001 004001 004002 004003 004004 004005 004004 004005 008004 007004 008021 011001 011002 011031 011034 011035 012001 012003 013003 020041
312001 001007 002023 004001 004002 004003 004004 004005 004006 005001 006001 008003 010004 012001 011001 011002
312002 001007 002023 004001 004002 004003 004004 004005 004006 005001 006001 008003 010004 011001 011002
312003 001007 002021 002022 004001 004002 004003 004004 004005 005001 006001 008003 012001
312004 001007 002021 002022 004001 004002 004003 004004 004005 005001 006001 008003 010004 020010 012001
312005 001007 002021 002022 004001 004002 004003 004004 004005 005001 006001 020014
312006 001007 002024 004001 004002 004003 004004 004005 004006 005001 006001 002024 007004 007004 013003
312007 001007 002021 002022 004001 004002 004003 004004 004005 005001 006001 014001 014001 014003 
312010 001007 005040 002021 005041 004001 004043
312011 202131 201149 004006 201000 202126 010002 202000 005043 005053
312012 202129 201132 101019 012063 201000 202000
312013 005033 202129 201135 012063 201000 202000
312014 001007 005040 002021 005041 004001 004043 202131 201149 004006 201000 202126 010002 202000 005043 005053 105056 004004 004005 005042 005052 202129 201132 101019 012063 201000 202000 005033 202129 201135 012063 201000 202000
312015 109011 004004 004005 005042 005052 202129 201132 101004 012063 202000 201000
312016 001007 005040 002021 005041 004001 004043 202131 201149 004006 201000 202126 010002 202000 005043 005053 109011 004004 004005 005042 005052 202129 201132 101004 012063 202000 201000
312017 109008 004004 004005 005042 005052 202129 201132 101003 012063 202000 201000
312018 001007 005040 002021 005041 004001 004043 202131 201149 004006 201000 202126 010002 202000 005043 005053 109008 004004 004005 005042 005052 202129 201132 101003 012063 202000 201000
312019 001007 025060 001033 001034 001012 004001 004002 004003 004004 004005 201138 202131 004006 201000 202000 027031 028031 010031 001041 001042 001043 002021 004001 004002 004003 004004 004005 201138 202131 004006 201000 202000 004004 004005 002104 002121 002113 002026 002027 002111 002140 202127 001013 202126 007001 202000 025010 021064 015015 029002 021076 106012 201129 006030 201000 102012 005030 021075 021066
312020 001007 025060 001033 001034 001012 004001 004002 004003 004004 004005 201138 202131 004006 201000 202000 027031 028031 010031 001041 001042 001043 002021 004001 004002 004003 004004 004005 201138 202131 004006 201000 202000 004004 004005 002104 002121 002113 002026 002027 002111 002140 202127 001013 202126 007001 202000 025010 021064 015015 029002 021076 104012 006030 102012 005030 021075 021066
312021 001007 025060 001033 001034 001012 004001 004002 004003 004004 004005 201138 202131 004006 201000 202000 027031 028031 010031 001041 001042 001043 002021 004001 004002 004003 004004 004005 201138 202131 004006 201000 202000 004004 004005 101003 002111 002112 021062 021063 021065 011012 011011 021067
312022 001007 025060 001033 001034 001012 004001 004002 004003 004004 004005 201138 202131 004006 201000 202000 027031 028031 010031 001041 001042 001043 002021 004001 004002 004003 004004 004005 201138 202131 004006 201000 202000 004004 004005 008022 011012 011050 022070 022026 201141 202130 007001 201000 202000 010050 021068 021071 021072 021073 021077 021078 021079 021080 021081 021082 021062 015011
312023 001007 025060 001033 001034 001012 004001 004002 004003 004004 004005 201138 202131 004006 201000 202000 027031 028031 010031 001041 001042 001043 002021 004001 004002 004003 004004 004005 201138 202131 004006 201000 202000 004004 004005 103003 008022 012061 022050 021069 021085
312024 001007 025060 001033 001034 001012 004001 004002 004003 004004 004005 201138 202131 004006 201000 202000 027031 028031 010031 001041 001042 001043 002021 004001 004002 004003 004004 004005 201138 202131 004006 201000 202000 004004 004005 002104 002121 002113 002026 002027 002111 002140 202127 001013 202126 007001 202000 025010 021064 015015 029002 021076 104012 006030 102012 005030 021075 021066 008060 008022 008060 008022 025014 022101 022097 022098 022099 022100
312026 001007 001012 002048 021119 025060 202124 002026 002027 202000 005040 004001 004002 004003 004004 004005 004006 004004 004005 005034 006034 021109 011081 011082 021101 021102 021103 101004 201130 202129 011012 202000 201000 011052 201135 202130 011011 202000 201000 011053 021104 021110 004004 004005 021118 202129 201132 002112 201000 201131 002111 201000 202000 002104 021105 021106 021107 021114 021115 021116 008018 021117 021111 004004 004005 021118 202129 201132 002112 201000 201131 002111 201000 202000 002104 021105 021106 021107 021114 021115 021116 008018 021117 021112 004004 004005 021118 202129 201132 002112 201000 201131 002111 201000 202000 002104 021105 021106 021107 021114 021115 021116 008018 021117 021113 004004 004005 021118 202129 201132 002112 201000 201131 002111 201000 202000 002104 021105 021106 021107 021114 021115 021116 008018 021117
312027 001007 025060 001033 001034 001012 004001 004002 004003 004004 004005 201138 202131 004006 201000 202000 027031 028031 010031 001041 001042 001043 002021 004001 004002 004003 004004 004005 201138 202131 004006 201000 202000 004004 004005 105009 004004 004005 007021 012061 007021 012061 021085 021070
312028 001007 001012 002048 021119 025060 202124 002026 002027 202000 005040 004001 004002 004003 004004 004005 004006 004004 004005 008025 201136 004006 201000 005034 006034 021109 011081 011082 021101 021102 021103 021120 021121 013055 021122 101004 201130 202129 011012 202000 201000 011052 201135 202130 011011 202000 201000 011053 021104 101002 002104 008022 012063 012065 021110 004004 004005 021118 202129 201132 002112 201000 201131 002111 201000 202000 002104 021123 021106 021107 021114 021115 021116 008018 021117 021111 004004 004005 021118 202129 201132 002112 201000 201131 002111 201000 202000 002104 021123 021106 021107 021114 021115 021116 008018 021117 021112 004004 004005 021118 202129 201132 002112 201000 201131 002111 201000 202000 002104 021123 021106 021107 021114 021115 021116 008018 021117 021113 004004 004005 021118 202129 201132 002112 201000 201131 002111 201000 202000 002104 021123 021106 021107 021114 021115 021116 008018 021117
312030 201130 202129 011012 202000 201000 011052 201135 202130 011011 202000 201000 011053 021104
312031 005034 006034 021109 011081 011082 021101 021102 021103
312032 021120 021121 013055 021122
312033 002104 008022 012063 012065
312041 201141 202130 007001 201000 202000
312042 021077 021078 021079 021080 021081 021082
312045 001007 002019 001096 025061 005040 004001 004002 004003 004004 004005 004006 005001 006001 007002 012180 012181 012182 012183 012184 012185 002174 021086 012186 021087 012187 033043
312050 001007 002019 001096 025061 005040 004001 004002 004003 004004 004005 004006 005001 006001 007025 005022 010080 027080 008003 007004 013093 008003 201131 202129 007004 007004 202000 201000 013095
312051 001007 002019 001096 025061 004050 008075 004001 004002 004003 004004 004005 004006 005001 006001 001012 201131 001013 201000 010032 010033 010034 007002 008012 025110 025111 025102 025103 025104 025105 025106 025107 025108 002111 002121 002026 002027 021130 021131 021132 021133 021064 025014 021134 107018 005030 105024 201130 006030 201000 021135 021136 033044
312052 001007 002019 001096 025061 005040 025120 025121 025124 025125 025122 025123 004001 004002 004003 004004 004005 004006 005001 006001 007002 002119 033047 010081 010082 010083 010084 002116 002117 002118 002156 002157 014055 022150 022151 022152 022153 022154 022155 022156 022157 022158 022159 021137 021138 021139 021140 021141 022142 010085 010086 010087 010088 010089 010090 010091 010092 010093 011002 025126 025127 025128 025129 025130 025131 025132 025133 025134 025135 025136 025137 013096 013097 013095 013096 012188 012189 002158 002159 033052 033053 021143 021144
312053 001007 002019 001096 025061 005040 008075 004001 004002 004003 004004 004005 004006 005001 006001 001012 201131 001013 201000 010032 010033 010034 007002 008012 025110 025111 025102 002104 025103 025104 025105 025106 025107 025108 011001 011002 022160 025138 201130 202129 022021 202000 201000 033048 033049 002026 002027 021130 021131 021132 021133 025014 106036 005030 104024 201130 006030 201000 022161 033044
312055 005033 005040 006034 010095 021157
312056 025060 001032 011082 011081 020095 020096 021155 201133 021101 021102 201000
312057 201130 202129 011012 202000 201000 201131 202129 011011 202000 201000 021156 021104
312058 001033 001034 025060 001007 002019 001012 004001 004002 004003 004004 004005 004006 005001 006001 005033 005040 006034 010095 021157 021150 101003 008085 202129 201131 002111 201000 202000 002134 021062 021063 021158 021159 021160 021161 021162 021163 021164 021165 021166
312059 025060 001032 011082 011081 020095 020096 021155 201133 021101 021102 201000 101000 031001 201130 202129 011012 202000 201000 201131 202129 011011 202000 201000 021156 021104
312060 025060 025062 040001 040002 021062 021151 021152 021153 021154 021062 021088 040003 040004 040005 040007 020065 040008 040009 040010
312061 001033 001034 025060 001007 002019 001012 004001 004002 004003 004004 004005 004006 005001 006001 005033 005040 006034 010095 021157 021150 101003 008085 202129 201131 002111 201000 202000 002134 021062 021063 021158 021159 021160 021161 021162 021163 021164 021165 021166 025060 025062 040001 040002 021062 021151 021152 021153 021154 021062 021088 040003 040004 040005 040007 020065 040008 040009 040010 025060 001032 011082 011081 020095 020096 021155 201133 021101 021102 201000 101000 031001 201130 202129 011012 202000 201000 201131 202129 011011 202000 201000 021156 021104
312070 001007 002019 001144 001124 030010 004001 004002 004003 004004 004005 004006 005001 006001 007012 015012 012165 012166 012167 012168 027010 028010 002099 013048 025081 025082 025083 025084 012080 012081 012082 025174 033028
312200 001007 001012 002021 004001 004002 004003 004004 004005 201138 202131 004006 201000 202000 004004 004005 002104 002121 002113 002026 002027 002111 002192 202127 001013 202126 007001 202000 025010 021194 029002 021206 104012 006232 102012 005232 021205 021196
312201 001007 001012 002021 004001 004002 004003 004004 004005 201138 202131 004006 201000 202000 004004 004005 101003 002111 002112 021192 021193 021195 011012 011011 021197
312202 001007 001012 002021 004001 004002 004003 004004 004005 201138 202131 004006 201000 202000 004004 004005 008022 011012 011050 201131 202129 022021 201000 202000 022243 201141 202130 007001 201000 202000 010050 021198 021201 021202 021203 021207 021208 021209 021210 021211 021212
312203 001007 001012 002021 004001 004002 004003 004004 004005 201138 202131 004006 201000 202000 004004 004005 008022 012061 022050 021204 021199 021214 021215
312204 001007 001012 002021 004001 004002 004003 004004 004005 201138 202131 004006 201000 202000 004004 004005 101003 002111 002112 021192 021193 021195 011012 011011 021197 001031 011012 011011 021200 021213 004004 008021 004024 055003 011012 011011
312207 001007 001012 002021 004001 004002 004003 004004 004005 201138 202131 004006 201000 202000 004004 004005 008022 011012 011050 201131 202129 022021 201000 202000 022243 201141 202130 007001 201000 202000 010050 021198 021201 021202 021203 021207 021208 021209 021210 021211 021212 001031 001032 033191
312208 001031 001032 008022 008021 004001 004002 004003 004004 004005 004006 004004 004005 201131 202129 022021 201000 202000 011002 001007 002021 004001 004002 004003 004004 004005 004006 004004 004005 001032 001192 201131 202129 022021 201000 202000 011002
312209 001031 001032 001192 004001 004002 004003 004004 004005 004006 004004 004005 201131 202129 022021 201000 202000 201130 202129 022011 201000 202000 022001 011001 011002 104000 022192 102000 005232 022191
312210 001007 001012 002021 004001 004002 004003 004004 004005 201138 202131 004006 201000 202000 004004 004005 008022 011012 011050 201131 202129 022021 201000 202000 022243 201141 202130 007001 201000 202000 010050 021198 021201 021202 021203 021207 021208 021209 021210 021211 021212 021192 015202 004001 004002 004003 004004 004005 201138 202131 004006 201000 202000 005217 006217 007217 001208 001209 001210
312211 001007 001012 002048 021119 025060 202124 002026 002027 202000 005040 004001 004002 004003 004004 004005 004006 004004 004005 005034 006034 021109 011081 011082 021101 021102 021103 101004 201130 202129 011012 202000 201000 011052 201135 202130 011011 202000 201000 011053 021104 021110 101004 004004 004005 021118 202129 201132 002112 201000 201131 002111 201000 202000 002104 021105 021106 021107 021114 021115 021116 008018 021117 021111 101004 004004 004005 021118 202129 201132 002112 201000 201131 002111 201000 202000 002104 021105 021106 021107 021114 021115 021116 008018 021117 021112 101004 004004 004005 021118 202129 201132 002112 201000 201131 002111 201000 202000 002104 021105 021106 021107 021114 021115 021116 008018 021117 021113 101004 004004 004005 021118 202129 201132 002112 201000 201131 002111 201000 202000 002104 021105 021106 021107 021114 021115 021116 008018 021117
312212 004004 004005 021118 202129 201132 002112 201000 201131 002111 201000 202000 002104 021105 021106 021107 021114 021115 021116 008018 021117
313009 021001 101000 031001 021001
313010 021036 101000 031001 021036
313031 006002 006012 101000 031002 030001
313032 005002 005012 101000 031002 006002 006012 101000 031002 030001
313041 006002 110000 031001 104000 031001 006012 101000 031012 030001 006012 101000 031001 030001
313042 005002 005012 101000 031002 006002 110000 031001 104000 031001 006012 101000 031012 030001 006012 101000 031001 030001
313043 006002 005002 005012 112000 031001 110000 031001 104000 031001 006012 101000 031011 030001 101000 031001 030001
315001 001011 004001 004002 004003 004004 004005 004004 004005 002032 102000 031001 007062 022042
315002 001011 004001 004002 004003 004004 004005 004004 004005 002032 002033 103000 031001 007062 022043 022062
315003 001087 001085 001086 002036 002148 002149 022055 022056 022056 004001 004002 004003 004004 004005 005001 006001 008080 033050 109000 031002 007065 008080 033050 022045 008080 033050 022064 008080 033050
316001 004001 004002 004003 004004 004004 004005 001021 002041 019001 010051 019002 019003 019004
316002 008021 004001 004002 004003 004004 004005 001033 008021 004001 004002 004003 004004 004005 007002 007002
316003 110000 031001 008011 008007 104000 031001 005002 006002 010002 011002 008007 008011
316004 111000 031001 008011 008007 007002 007002 102000 031001 005002 006002 011031 008007 008011
316005 108000 031001 008005 008007 005002 006002 001026 019001 008007 008005
316006 112000 031001 008011 008007 007002 007002 102000 031001 005002 006002 020011 020012 008007 008011
316007 110000 031001 008011 008007 104000 031001 005002 006002 019005 019006 008007 008011
316008 111000 031001 008001 008007 008023 103000 031001 005002 006002 010002 008023 008007 008001
316009 111000 031001 008011 008007 007002 007002 102000 031001 005002 006002 020041 008007 008011
316010 107000 031001 008011 008007 001022 005002 006002 008007 008011
316011 116000 031001 008011 001022 008007 102000 031001 005002 006002 008021 004001 004002 004003 004004 004005 020090 008021 008007 008011
316022 001032 002041 019001 019010 018000 031001 008021 004014 008005 004004 004005 019005 019006 010004 011041 008021 004075 011040 019008 105004 005021 005021 102002 019003 019004
316030 102002 004001 004002 004003 004004 004005 001037 010064 008019 001062 008019 001065 008019 001062 008019
316031 008021 004001 004002 004003 004004 004005 008007 101000 001001 001002 008040 033042 007010 101000 031002 005002 006002 019007 008040 019005 019006 020028 008021
316032 008021 004001 004002 004003 004004 004005 008007 101000 001001 001002 008040 033042 007010 101000 031002 005002 006002 019007 008040 008021
316033 008021 004001 004002 004003 004004 004005 101000 031001 008007 101000 001001 001002 008040 033042 007010 101000 031002 005002 006002 019007 008040 008021
316034 008079 102002 004001 004002 004003 004004 004005 001037 010064 008019 001062 008019 001065 008019 001062 008019 008011 001022 008007 004004 004005 008007 020090 008021 004001 004002 004003 004004 004005 008007 101000 001001 001002 008040 033042 007010 101000 031002 005002 006002 019007 008040 019005 019006 020028 008021 101000 031000 008021 004001 004002 004003 004004 004005 008007 101000 001001 001002 008040 033042 007010 101000 031002 005002 006002 019007 008040 008021 101000 031001 008021 004001 004002 004003 004004 004005 101000 031001 008007 101000 001001 001002 008040 033042 007010 101000 031002 005002 006002 019007 008040 008021 008011 008079
316035 008079 102002 004001 004002 004003 004004 004005 001037 010064 008019 001062 008019 001065 008019 001062 008019 008011 020023 020021 020008 008021 004001 004002 004003 004004 004005 008007 101000 001001 001002 008040 033042 007010 101000 031002 005002 006002 019007 008040 019005 019006 020028 008021 008011 008079
316036 008079 001018 002001 004001 004002 004003 005002 006002 007001 008011 001027 008021 004001 004002 004003 004004 004005 008007 101000 001001 001002 008040 033042 007010 101000 031002 005002 006002 019007 008040 019005 019006 020028 008021 101000 031000 008021 004001 004002 004003 004004 004005 008007 101000 001001 001002 008040 033042 007010 101000 031002 005002 006002 019007 008040 008021 101000 031001 008021 004001 004002 004003 004004 004005 101000 031001 008007 101000 001001 001002 008040 033042 007010 101000 031002 005002 006002 019007 008040 008021 008011 008079
316037 008079 102002 004001 004002 004003 004004 004005 001037 010064 008019 001062 008019 001065 008019 001062 008019 008011 011031 008021 004001 004002 004003 004004 004005 008007 101000 001001 001002 008040 033042 007010 101000 031002 005002 006002 019007 008040 019005 019006 020028 008021 008011 008079
316038 008079 102002 004001 004002 004003 004004 004005 001037 010064 008019 001062 008019 001065 008019 001062 008019 008011 020041 020021 008021 004001 004002 004003 004004 004005 008007 101000 001001 001002 008040 033042 007010 101000 031002 005002 006002 019007 008040 019005 019006 020028 008021 008011 008079
316039 008079 102002 004001 004002 004003 004004 004005 001037 010064 008019 001062 008019 001065 008019 001062 008019 008011 020024 008021 004001 004002 004003 004004 004005 008007 101000 001001 001002 008040 033042 007010 101000 031002 005002 006002 019007 008040 019005 019006 020028 008021 008011 008079
316040 102002 004001 004002 004003 004004 004005 001037 010064 008019 001062 008019 001065 008019 001062 008019 008079 102002 004001 004002 004003 004004 004005 001037 010064 008079
316050 001001 001002 004001 004002 004003 004004 004005 002160 008005 005002 006002 008005 019100 019005 019006 019101 019102 019103 019104 019105
316052 001035 001034 004001 004002 004003 004004 004005 001007 025150 122000 031001 001027 019150 019106 008005 005002 006002 008005 019107 019005 019006 019108 019109 019110 019111 019112 019113 019114 019115 019116 019117 019118 019119
319071 102002 004001 004002 004003 004004 004005 101000 031002 008079 008041 001039 008021 102002 004001 004002 004003 004004 004005 008007 101000 001001 001002 008040 033042 007010 101000 031002 005002 006002 019007 008040 008021 020006 033042 020013 033042 020001 020025 020026 008041 008079 101000 031002 008079 008041 001039 008021 102002 004001 004002 004003 004004 004005 008007 101000 001001 001002 008040 033042 007010 101000 031002 005002 006002 019007 008040 008021 020006 020025 020026 008041 008079
316072 102002 004001 004002 004003 004004 004005 101000 031002 008079 008011 001039 008021 102002 004001 004002 004003 004004 004005 008007 101000 001001 001002 008040 033042 007010 101000 031002 005002 006002 019007 008040 008021 011031 008011 008079 101000 031002 008079 008041 001039 008021 102002 004001 004002 004003 004004 004005 008007 101000 001001 001002 008040 033042 007010 101000 031002 005002 006002 019007 008040 008021 033042 011012 008041 008079 101000 031002 008079 008011 001039 008021 102002 004001 004002 004003 004004 004005 008007 101000 001001 001002 008040 033042 007010 101000 031002 005002 006002 019007 008040 008021 020023 020024 008011 008079
316073 102002 004001 004002 004003 004004 004005 101000 031002 008079 008011 001039 008021 102002 004001 004002 004003 004004 004005 008007 101000 001001 001002 008040 033042 007010 101000 031002 005002 006002 019007 008040 008021 020041 008011 008079 101000 031002 008079 008041 001039 008021 102002 004001 004002 004003 004004 004005 008007 101000 001001 001002 008040 033042 007010 101000 031002 005002 006002 019007 008040 008021 008041 008079
316074 001039 008021 102002 004001 004002 004003 004004 004005 008007 101000 001001 001002 008040 033042 007010 101000 031002 005002 006002 019007 008040 008021
316075 008079 008041 001039 008021 102002 004001 004002 004003 004004 004005 008007 101000 001001 001002 008040 033042 007010 101000 031002 005002 006002 019007 008040 008021 020006 033042 020013 033042 020001 020025 020026 008041 008079
316076 008079 008041 001039 008021 102002 004001 004002 004003 004004 004005 008007 101000 001001 001002 008040 033042 007010 101000 031002 005002 006002 019007 008040 008021 020006 020025 020026 008041 008079
316077 008079 008011 001039 008021 102002 004001 004002 004003 004004 004005 008007 101000 001001 001002 008040 033042 007010 101000 031002 005002 006002 019007 008040 008021 011031 008011 008079
316078 008079 008041 001039 008021 102002 004001 004002 004003 004004 004005 008007 101000 001001 001002 008040 033042 007010 101000 031002 005002 006002 019007 008040 008021 033042 011012 008041 008079
316079 008079 008011 001039 008021 102002 004001 004002 004003 004004 004005 008007 101000 001001 001002 008040 033042 007010 101000 031002 005002 006002 019007 008040 008021 020023 020024 008011 008079
316080 008079 008011 001039 008021 102002 004001 004002 004003 004004 004005 008007 101000 001001 001002 008040 033042 007010 101000 031002 005002 006002 019007 008040 008021 020041 008011 008079
316081 008079 008041 001039 008021 102002 004001 004002 004003 004004 004005 008007 101000 001001 001002 008040 033042 007010 101000 031002 005002 006002 019007 008040 008021 008041 008079
318001 005002 006002 004003 004004 004005 024011
318003 005001 006001 004003 004003 004004 004004 004005 004005 024005 024004 024021
318004 005002 006002 004003 004004 004005 004023 013011 024005 024004 024022
321001 002101 002114 002105 002106 002107 002121
321003 021051 021014 021017 021030
321004 001001 001002 002001 004001 004002 004003 004004 004005 005001 006001 007001 002003 101000 031001 021051 021014 021017 021030
321005 025004 002121 002122 002123 002124 002125 002126 002127 002128 002129 002130 002131
321006 025001 025002 025003 025005
321007 025009 025010 025011 025012 025013 025015 025016 025017
321008 025006 025007 025008
321009 025018 025019
321010 002101 007002 002102 002103 002104 002105 002106 002107 002108 002109 002110 002132 002133
321011 030031 030032 029002
321012 101000 031001 002135
321021 002003 002101 201130 002106 201000 201132 202130 002121 202000 201000 201133 202129 025001 202000 201000
321022 010007 204001 031021 011001 204000 011002 204001 031021 011006 204000 021030
321023 007007 021091 021030 202129 021014 201129 021017 202000 201000
321024 007007 204002 031021 012007 011006 204000 021030
321025 007007 021091 021030 202129 021014 201129 021017 202000 201000 021092 021030 025092 201129 202129 021017 202000 201000
321026 010007 204001 031021 012007 025091 011071 011072 011073 011074 204000
321027 021118 202129 201132 002112 201000 201131 002111 201000 202000 002104 021105 021106 021107 021114 021115 021116 008018 021117
321028 021118 202129 201132 002112 201000 201131 002111 201000 202000 002104 021123 021106 021107 021114 021115 021116 008018 021117
321030 008085 202129 201131 002111 201000 202000 002134 021062 021063 021158 021159 021160 021161 021162 021163 021164 021165 021166
322028 001007 002019 004001 004002 004003 004004 004005 004006 005001 006001 027001 028001 027001 028001 027001 028001 027001 028001 010001 014019 007025 010080 005023 020010 008003 007004 014026 020014 013093 105000 031001 007004 007004 008043 008044 015021
340001 001007 001031 002019 002020 004001 004002 004003 004004 004005 202131 201138 004006 201000 202000 005001 006001 007024 005021 007025 005022 005043 005040 201133 005041 201000 201133 025070 201000 202126 007001 202000 033060 033061 033062 033063 033064 033065 101010 101087 025140 025141 025142 104100 201136 005042 201000 014046 002019 025051 101007 005060 005061 025085 105006 005042 025142 014047 025142 014048
340003 025140 025141 025142 104100 201136 005042 201000 014046
340004 005060 005061 025085 105006 005042 025142 014047 025142 014048
340005 001007 002019 001096 025061 005044 005040 001030 004001 004002 004003 004004 004005 004007 005001 006001 008029 008074 008077 040011 025097 025095 025098 025099 021144 025096 040012 040013 021169 022151 022162 022163 025160 025133 022156 022164 022165 022166 021137 021138 022167 021139 021118 021145 021146 021147 022168 022169 022170 025161 025162 022171 022172 022173 022174 021170 021171 022175 021172 021118 021178 021173 021174 021175 002153 012063 002153 012063 002153 012063 013090 013091 007002 011097 011098 007002 011095 011096 010096 010081 010082 010083 010101 025132 025163 025126 025128 025164 010085 010097 010086 010087 010092 010088 010089 010098 010099 010090 010100 010093 025127 040014 