300002000002000003
300003000010000011000012
300004000010000011000012000013000014000015000016000017000018000019000020
300010000010000011000012101000031001000030
301001001001001002
301002001003001004001005
301003001011001012001013
301004001001001002001015002001
301005001035001034
301011004001004002004003
301012004004004005
301013004004004005004006
301014102002004001004002004003004004004005
301021005001006001
301022005001006001007001
301023005002006002
301024005002006002007001
301025005002006002004003004004004005
301026005001006001004003004003004004004004004005004005
301027008007101000001001001002008040033042007010101000031002005002006002019007008040
301028008040033042007010101000031002005002006002019007008040
301029001018002001004001004002004003
301030001018002001004001004002004003005002006002007001
301031001001001002002001004001004002004003004004004005005001006001007001
301032001001001002002001004001004002004003004004004005005002006002007001
301033001005002001004001004002004003004004004005005001006001
301034001005002001004001004002004003004004004005004004004005
301035001005001012001013002001004001004002004003004004004005004004004005
301036001011001012001013002001004001004002004003004004004005004004004005
301037001001001002002011002012004001004002004003004004004005005001006001007001
301038001001001002002011002012004001004002004003004004004005005002006002007001
301039001011001012001013002011002012004001004002004003004004004005004004004005
301040001011001012001013002011002012004001004002004003004004004005005002006002007001
301041001007002021002022004001004002004003004004004005
301042001007002021002022004001004002004003004004004005005001006001
301043001007002023004001004002004003004004004005004006005001006001
301044001007002024004001004002004003004004004005004006005001006001
301045004001004002004003004004004005201138202131004006201000202000027031028031010031001041001042001043
301046001007001012002048021119025060202124002026002027202000005040
301047001007025060001033001034001012004001004002004003004004004005201138202131004006201000202000027031028031010031001041001042001043002021004001004002004003004004004005201138202131004006201000202000004004004005
301048002104002121002113002026002027002111002140202127001013202126007001202000025010021064
301049002111002112021062021063021065
301051001006002061004001004002004003004004004005005001006001008004
301055001005002001004001004002004003004004004005005001006001001012001014
301062101000031001001001001002
301065001006001008002001002002002005002062002070002065
301066004001004002004003004004004005004006004004004005007004002064008004
301070002143002142002144
301071002143002142002145002146
301072002143002142002145002146004001004002004003004004004005004006005001006001
301074002143002142002145002146
301075001001001002001015005001006001007001008021004001004002004003004004004005
301076002011002143002142
301089001101001102
301090001001001002001015002001004001004002004003004004004005005001006001007030007031
301091002180002181002182002183002184002179002186002187002188002189
301092001011001003002001004001004002004003004004004005005001006001007030007031033024
301093001011001012001013002001004001004002004003004004004005004004004005007030007031
301110001001001002001011002011002014002003
301111001001001002001011002011002013002014002003
301112001006002011002013002014002003
301113008021004001004002004003004004004005004006
301114005001006001007030007031007007033024
301120001001001002001094002011008041004001004002004003004004004005201135202130202000201000005001006001007031007007
301121008041004001004002004003004004004005201135202130202000201000005001006001007031007007
301122004001004002004003004004004005201135202130202000201000
30112330102002008041001062001001001002001094002011001018001095025061025068001082001083001081002067002065002066002095002096002097002016002083002080002081001093002084002085002086002082008041004001004002004003
301125001033001034025060001007002019001012
301194001194001012001013002011002012004001004002004003004004004005004004004005007001
301195001195001012001013002011002012004001004002004003004004004005004004004005007001
301196001011001012001013002011002012004001004002004003004004004005004004004005007001
301197001006001008002061002062002002002005002070002063002001
301200001032033194
301201101003033193
301202001031001032
301237001007001012002021004001004002004003004004004005201138202131004006201000202000004004004005
301238002104002121002113002026002027002111002192202127001013202126007001202000025010021194
301239002111002112021192021193021195
301240201131202129022021201000202000
301241201141202130007001201000202000
301242021207021208021209021210021211021212
301250004001004002004003004004004005004006005001006001
302001010004010051010061010063
302002010004007004010003010061010063
302003011011011012012004012006013003020001020003020004020005
302004020010008002020011020013020012020012020012
302005008002020011020012020013
302006010004010051010062010063
302011010004010051010061010063011011011012012004012006013003020001020003020004020005020010008002020011020013020012020012020012
302012010004007004010003010061010063011011011012012004012006013003020001020003020004020005020010008002020011020013020012020012020012
302013010004010051010062010063011011011012012004012006013003020001020003020004020005101000031001008002020011020012020013
302021022001022011022021
302022022002022012022022
302023022003022013022023
302024022002022012022022101002022003022013022023
302031010004010051010061010063010062007004010009
302032007032012101012103013003
302033007032020001
302034007032013023
302041004024012112
302042007032002002008021004025011001011002008021103002004025011043011041
302043101002004024012112007032002002008021004025011001011002008021103002004025011043011041007032
302044004024002004013033
302045004024014002014004014016014028014029014030
302046004024012049
302047102003008002020054
302048005021007021020012005021007021
302049008002020011020013020012020012020012008002
302050008041005021007005202130006021202000008041201131202129002115010004002115013003202000201000002115011001011002002115102002012101004024002115012103012102101003020012020011020013101002020003
302051010004010051007004010003012004012051012016012017013004102004008051008020
302052007032007033012101002039012102012103013003
302053007032007033020001
302054007032007033012101002039012102012103013003007032007033020001007033007032013023007032020010008002020011020013020012020012020012101000031001008002020011020012020013
302055020031020032020033020034020035020036020037020038
302056002038007063022043007063
302057002038007063022043007063022001022011022021022002022012022022101002022003022013022023
302058007032007033004024004024012111004024004024012112
302059007032007033002002008021004025011001011002008021103002004025011043011041
302060007032007033004024004024012111004024004024012112007032007033002002008021004025011001011002008021103002004025011043011041
302066020023020024020027020054020023020027020054020025020026020027020040020066020027020021020067020027
302069007032007033033041020001
302070007032007033011001011002011043011041011016011017
302071007032007033008021004025011001011002008021103002004025011043011041004025011016011017
302072007032007033012101012103013003
302073020010105004007002020011020012033041020013
302074020003004025020004020005
302075008021004025013055013058008021
302076020021020022026020020023020024020025020026
302077007032007033004025012111012112007032004025012112
302078002176020062002177013013
302079007032002175002178004025013011
302080002185004025013033
302081004025014031
302082004025014002014004014016014028014029014030
302083004025008023010004011001011002012101013003008023
302084010004010051010061010063010062007004010009007032007033012101012103013003103000031000101005012130007061101000031000007032007033033041020001007033105000031000020031020032002038022043022001022011022021101000031000002176020062002177013013012113101000031000020010008002020011020013020012020012020012105000031001008002020011020012033041020013101000031000102003008002020054101000031000005021007021020012005021007021
302085105000031000020003103002004024020004020005101000031000008021004025013155013058008021102000031000004025020021020022026020020023020024020025020026102000031000004025013059007032007033008021004025011001011002008021103003004025011043011041004025011016011017007032007033004025012111012112007032004025012112007033004024012112106000031000007032002175002178102005004024013011007032103000031000002185101002004024002004013033102000031000101002102000031000101002004024014002014004014016014028014029014030101000031000004024012049101000031000004025008023010004011001011002012101013003008023
302089020101020102020103020104020105020106020107020108
302175008021004025013155013058008021
302205201131202129022021201000202000
302206201131202129022021201000202000201130202129022011201000202000022001011001011002
302207022193022194022195022196022197
302250102000031001020193020194020012
303001007003011001011002
303002007004011001011002
303003007004010003012001012003
303004007004010003012001012003011001011002
303011007003008001011001011002
303012007004008001011001011002
303013007004008001010003012001013003011001011002
303014007004008001010003012001012003011001011002
303021007004007004204007031021
303022007004007004204007031021010003204000
303023007004007004204007031021012001204000
303024007004007004204007031021013016204000
303025002025204007031021012063204000
303026007004008003204007031021012001204000
303027007004204007031021010003204000
303031007004008003007021007022008012012061
303032020011020016
303033020010020016
303040008041004025004026005001006001004001004002004003004004004005201135202130202000201000201131202129025069007004013003202000201000002013012101010009102002008040035035
303041002152002023007004011001011002002153002154012071
303249002252104000031001002199007004007004013003
303250002252002023007004011001011002002197002198012193
303251002252105000031001002254002251002197002198012063
303252002252105000031001002254002251002197002198012194
303053004086008042007009005015006015011061011062
303054004086008042007004010009005015005015012101012103011001011002
304001008003010004012001011001011002
304002008003010004011001011002
304003008003012001
304004008003010004020010012001
304005002024007004007004013003
304006014001014001014003
304011002163002164008012007024002057008021004001004002004003004004008021004024110004008021004004004005004006008021004004004005004006011001011002103010002163007004012001
304030027031028031010031
304031001041001042001043
304032002153002154020081020082020012
304033002152002166002167002153002154012075012076012063
304034102004027001028001007022005043020010020016033003010040
304035002153002154012063008001012063008001012063008001008003012063008003012063008003012063008003
304036020082008012020082008012020081008003020081008003020081008003020081008003
304228005217006217007217
304229001208001209001210
304250002231002232008012007024002057008021004001004002004003004004008021004024110004008021004004004005004006008021004004004005004006011001011002103010002231007004012001
305003004004004005004064101000031001
305006013072013082013019012001013073013060
305007001018002001004001004002004003004004004005003065101000031001013072013082013019012001013073013060
305008013072013082013019012001013073013060012030
305009001018002001004001004002004003004004004005004065101000031001013072013082013019012001013073013060012030
305011001018002001004001004002004003004004004005004065101000031001
305018001018002001004001004002004003004004004005004065103000031001013072013082013019012001013073013060012030
306001002032102000031001007062022042
306002002031022004022031
306003002002011011011012012004
306004002032002033103000031001007062022043022062
306005002031103000031001007062022004022031
306006002002011011011012012004002031022004022031022063
306007001012001014002034002035002036004024027003028003
306008002034002035002036
306019001075004001004002004003004004004005022042022120022121004015004065
306023001015004004004005004001004002004003004004004005022038022039022120022121
307001001001001002002001004001004002004003004004004005005001006001007001010004010051010061010063011011011012012004012006013003020001020003020004020005020010008002020011020013020012
307002001001001002002001004001004002004003004004004005005002006002007001010004010051010061010063011011011012012004012006013003020001020003020004020005020010008002020011020013020012
307003001001001002002001004001004002004003004004004005005001006001007001010004010051010061010063011011011012012004101000031001008002020011020012020013
307004001001001002002001004001004002004003004004004005005002006002007001010004010051010061010063011011011012012004012006013003020001020003020004020005020010008002020011020013020012101000031001008002020011020012020013
307005001001001002002001004001004002004003004004004005005001006001007001010004010051010061010063011011011012012004101004008002020011020012020013
307006001001001002002001004001004002004003004004004005005002006002007001010004010051010061010063011011011012012004012006013003020001020003020004020005020010008002020011020013020012101004008002020011020012020013
307007001001001002002001004001004002004003004004004005005001006001007001010004007004010003010061010063011011011012012004012006013003020001020003020004020005020010008002020011020013020012020012020012
307008001001001002002001004001004002004003004004004005005002006002007001010004007004010003010061010063011011011012012004012006013003020001020003020004020005020010008002020011020013020012020012020012
307009001001001002002001004001004002004003004004004005005001006001007001010004010051010062010063011011011012012004012006013003020001020003020004020005101000031001008002020011020012020013
307011001063002001004001004002004003004004004005005002006002007001007006011001011016011017011002011041007006012001012003010052020009
307012103000031001008023005021020001
307013106000031001001064008014020061008014020061020018
307014101000031001020019
307015101000031001008002020011020012020013008002020011020012020013020002
307016101000031001020020
307017101000031001020020
307018008016102000031001008017004004004005104000031001007006011001011002011041020009101000031001020001101000031001020019
307020001063002001004001004002004003004004004005005002006002007001007006011001011016011017011002011041007006012001012003010052020009101000031001020019101000031001020020
307021001063002001004001004002004003004004004005005002006002007001007006011001011016011017011002011041007006012001012003010052020009103000031001008023005021020001106000031001001064008014020061008014020061020018101000031001020019101000031001008002020011020012020013008002020011020012020013020002101000031001020020101000031001020020008016102000031001008017004004004005104000031001007006011001011002011041020009101000031001020001101000031001020019101000031001008002020011020012020013008002020011020012020013020002
307022001015004001004002004003004004004005005001006001007001008021004025010004012001013003033038008022106025002020001050005021007021015031015032008060015033015034008060015035201131202129013016202000201000015011
307030015001015002
307031008022008023015001008023015001008023015002
307041001001001002001015005001006001007001004001004002004003004004004005002143002142002144015001015002
307042001001001002001015005001006001007001004001004002004003004004004005008021004025002143002142002144008022008023015001008023015001008023015002
307043001001001002001015005002006002007001004001004002004003004004004005002143002142002145002146015001015002
307045001063008079002001004001004002004003004004004005004004004005007030007031007032011001011016011017008054011083011084011002008054011084011086011041008054007032012023012024007032010052020009
307046020060102000031001005021020059
307047105000031001008002020011020012020013020092020002020091
307048008016102000031001008017004004004005112000031000007032011001008054011083011084011002008054011085011086011041008054007032020009101000031000020060101000031001020019105000031001008002020011020012020013020092020002020091
307049102000031000022043022021
307050101000031000020085102000031001001064020085105000031001001064020086020087020088020089
307051001063008079002001004001004002004003004004004005004004004005007030007031007032011001011016011017008054011083011084011002008054011084011086011041008054007032012023012024007032010052020009020060102000031001005021020059106000031001001064008014020061008014020061020018101000031001020019105000031001008002020011020012020013020092020002020091101000031001020020101000031001020020102000031000022043022021101000031000020085102000031001001064020085105000031001001064020086020087020088020089101000031001008016102000031001008017004004004005112000031000007032011001008054011083011084011002008054011085011086011041008054007032020009101000031000020060101000031001020019105000031001008002020011020012020013020092020002020091
307052001063008039004001004002004003004004004005008079008039004001004002004003004004004005008039004001004002004003004004004005004004004005007030007031
307053007032011001008054011083011084011002008054011085011086011041008054007032020009020060101000031001020019105000031001008002020011020012020013020092020002020091
307054007032008039004003004004008023012023008039004003004004008023012023008023007032
307055033045008016008039004003004004004005008039004003004004004005007032011001008054011083011084011002008054011085011086011041008054007032020009020060101000031001020019105000031001008002020011020012020013020092020002020091
307056001063008039004001004002004003004004004005008079008039004001004002004003004004004005008039004001004002004003004004004005004004004005007030007031007032011001008054011083011084011002008054011085011086011041008054007032020009020060101000031001020019105000031001008002020011020012020013020092020002020091007032008039004003004004008023012023008039004003004004008023012023008023007032101000031001033045008016008039004003004004004005008039004003004004004005007032011001008054011083011084011002008054011085011086011041008054007032020009020060101000031001020019105000031001008002020011020012020013020092020002020091
307063007061012130
307071001001001002001015002001004001004002004003004004004005005001006001007030007031004074004023008023010004010051007004010009007032012101002051004051012118004052012119013004008023012151007032102005008050008020014032014033008050008020102018008052008022007032008053004003012152008053004003012153008053004003008023012101008053004003008023012101008023007032002002008053004003011046008053004003004004004023007032013060013051004053008050008020102006008052008022008053004003013052007032
307072004001004001004002004003004004004074004022008023010004010051007004010009007032012101002051004051012118004052012119013004012151007032014032008023004001004001004002004003004004004022007032008023013060004053008023102008008050008020
307073001001001002001015002001004001004002004003004004004005005001006001007030007031004074004023008023010004010051007004010009007032012101002051004051012118004052012119013004008023012151007032102005008050008020014032014033008050008020102018008052008022007032008053004003012152008053004003012153008053004003008023012101008053004003008023012101008023007032002002008053004003011046008053004003004004004023007032013060013051004053008050008020102006008052008022008053004003013052007032004001004001004002004003004004004074004022008023010004010051007004010009007032012101002051004051012118004052012119013004012151007032014032008023004001004001004002004003004004004022007032008023013060004053008023102008008050008020
307079001001001002001015002001004001004002004003004004004005005001006001007030007031010004010051010061010063010062007004010009101000031000102003008002020054008002101000031000005021007021020012005021007021102000031000022061020058101000031000002038007063022043007063101000031000020031020032020033020034020035020036020037020038101002004024012112007032002002008021004025011001011002008021103002004025011043011041007032004024002004013033101000031001004024014002014004014016014028014029014030101000031000004024012049
307080001001001002001015002001004001004002004003004004004005005001006001007030007031010004010051010061010063010062007004010009102003008002020054008002005021007021020012005021007021101002004024012112007032002002008021004025011001011002008021103002004025011043011041007032004024002004013033101002004024014002014004014016014028014029014030004024012049
307081001001001002001015002001004001004002004003004004004005005001006001007030007031010004010051010061010063010062007004010009102003008002020054008002005021007021020012005021007021012122013056013057020101020102020103020104020105020106020107020108101002004024012112007032002002008021004025011001011002008021103002004025011043011041007032004024002004013033101002004024014002014004014016014028014029014030004024012049
307082001001001002001015002001004001004002004003004004004005005001006001007030007031010004010051010061010063010062007004010009102003008002020054008002005021007021020012005021007021012121012122101002004024012112007032002002008021004025011001011002008021103002004025011043011041007032004024002004013033101002004024014002014004014016014028014029014030004024012049
307083001001001002001015002001004001004002004003004004004005005001006001007030007031010004010051010061010063010062007004010009102003008002020054008002005021007021020012005021007021012122101002004024012112007032002002008021004025011001011002008021103002004025011043011041007032004024002004013033101002004024014002014004014016014028014029014030004024012049
307084001001001002001015002001004001004002004003004004004005005001006001007030007031010004010051010061010063010062007004010009102003008002020054008002005021007021020012005021007021020055101000031001205001205001101002004024012112007032002002008021004025011001011002008021103002004025011043011041007032004024002004013033101002004024014002014004014016014028014029014030004024012049
307086001001001002001015002001004001004002004003004004004005005001006001007030007031010004010051010061010063010062007004010009008002020023020024020027020054020023020027020054020025020026020027020040020066020027020021020067020027101002004024012112007032002002008021004025011001011002008021103002004025011043011041007032004024002004013033101002004024014002014004014016014028014029014030
307090001011001003002001004001004002004003004004004005005001006001007030007031033024010004010051010061010063010062007004010009102003008002020054008002005021007021020012005021007021101002004024012112007032002002008021004025011001011002008021103002004025011043011041007032004024002004013033101002004024014002014004014016014028014029014030004024012049
307091001101001102001001001002001015002001004001004002004003004004004005005001006001007030007031008010002180002181002182002183002184002179002186002187002188002189010004010051010061010063007004010009007032007033012101012103013003103000031000101005012130007061101000031000007032007033033041020001007032007033105000031000020031020032002038022043022001022011022021101000031000002176020062002177013013101000031000020010105004007002020011020012033041020013101000031000020003004025020004020005101000031000008021004025013155013058008021102000031000004025020021020022026020020023020024020025020026007032007033008021004025011001011002008021103002004025011043011041004025011016011017007032007033004025012111012112007032004025012112007033101000031000007032002175002178004025013011007032101000031000002185004025013033101000031000004025014031101000031000004025014002014004014016014028014029014030102000031000004025013059101000031000004025008023010004011001011002012101013003008023033005033006
307096001001001002001015002001004001004002004003004004004005005001006001007030007031001101001102008010002180002181002182002183002184002179002186002187002188002189010004010051010061010063010062007004010009007032007033012101012103013003103000031000101005012130007061101000105000031000020003103002004024020004020005101000031000008021004025013155013058008021102000031000004025020021020022026020020023020024020025020026102000031000004025013059007032007033008021004025011001011002008021103003004025011043011041004025011016011017007032007033004025012111012112007032004025012112007033004024012112106000031000007032002175002178102005004024013011007032103000031000002185101002004024002004013033102000031000101002102000031000101002004024014002014004014016014028014029014030101000031000004024012049101000031000004025008023010004011001011002012101013003008023033005033006
308001001005002001004001004002004003004004004005005001006001010004010051010061010063011011011012012004012006013003020001020003020004020005020010008002020011020013020012022042
308002001005002001004001004002004003004004004005004004004005010004010051010061010063011011011012012004012006013003020001020003020004020005020010008002020011020013020012022042
308003001005001012001013002001004001004002004003004004004005004004004005010004010051010061010063011011011012012004012006013003020001020003020004020005020010008002020011020013020012022042
308004001011001012001013002001004001004002004003004004004005004004004005010004010051010061010063011011011012012004012006013003020001020003020004020005020010008002020011020013020012022042
308005001011001012001013002001004001004002004003004004004005004004004005010004010051010061010063011011011012012004012006013003020001020003020004020005020010008002020011020013020012022042022002022012022022101002022003022013022023
308006010004010061010063011001011002012004013003022042
308007001005002001004001004002004003004004004005005001006001001012001014010004010051010061010063011011011012012004012006013003020001020003020004020005020010008002020011020013020012007062022042
308009001011001012001013002001004001004002004003004004004005004004004005007030007031010004010051010061010063007032007033012101002039012102012103013003007032007033020001007033007032013023007032020010008002020011020013020012020012020012101000031001008002020011020012020013008002020031020032020033020034020035020036020037020038002038007063022043007063022001022011022021022002022012022022101002022003022013022023007032007033004024004024012111004024004024012112007032007033002002008021004025011001011002008021103002004025011043011041
308010001011113000031001004001004002004003004004004005005001006001004080022049004080022059004080022005002042022032002042004080
308011001011002001004001004002004003004004004005004004004005007030007031004074004023008023010051007032007033012101013004007032007033002038007063022043007063008023004003004004004023007032013060013051004053007032
308012004001004001004002004003004004004074004022008023010051007032007033012101013004007032007033002038007063022043007063008023004001004001004002004003004004004022007032008023013060004053008023
308013001011002001004001004002004003004004004005004004004005007030007031004074004023008023010051007032007033012101013004007032007033002038007063022043007063008023004003004004004023007032013060013051004053007032004001004001004002004003004004004074004022008023010051007032007033012101013004007032007033002038007063022043007063008023004001004001004002004003004004004022007032008023013060004053008023
309001001001001002002011002012004001004002004003004004004005005001006001007001101000031001007003008001011001011002
309002001001001002002011002012004001004002004003004004004005005002006002007001101000031001007003008001011001011002
309003001001001002002011002012004001004002004003004004004005005001006001007001101000031001007004008001011001011002
309004001001001002002011002012004001004002004003004004004005005002006002007001101000031001007004008001011001011002
309005001001001002002011002012004001004002004003004004004005005001006001007001020010008002020011020013020012020012020012101000031001007004008001010003012001013003011001011002
309006001001001002002011002012004001004002004003004004004005005002006002007001020010008002020011020013020012020012020012101000031001007004008001010003012001013003011001011002
309007001001001002002011002012004001004002004003004004004005005001006001007001020010008002020011020013020012020012020012101000031001007004008001010003012001012003011001011002
309008001001001002002011002012004001004002004003004004004005005002006002007001020010008002020011020013020012020012020012101000031001007004008001010003012001012003011001011002
309011001011001012001013002011002012004001004002004003004004004005004004004005101000031001007003008001011001011002
309012001011001012001013002011002012004001004002004003004004004005004004004005101000031001007004008001011001011002
309013001011001012001013002011002012004001004002004003004004004005004004004005020010008002020011020013020012020012020012101000031001007004008001010003012001013003011001011002
309014001011001012001013002011002012004001004002004003004004004005004004004005020010008002020011020013020012020012020012101000031001007004008001010003012001012003011001011002
309015001011001012001013002011002012004001004002004003004004004005005002006002007001101000031001007003008001011001011002
309016001011001012001013002011002012004001004002004003004004004005005002006002007001101000031001007004008001011001011002
309017001011001012001013002011002012004001004002004003004004004005005002006002007001020010008002020011020013020012020012020012101000031001007004008001010003012001013003011001011002
309018001011001012001013002011002012004001004002004003004004004005005002006002007001020010008002020011020013020012020012020012101000031001007004008001010003012001012003011001011002
309019001001001002002001004001004002004003004004004005005001006001007001002003101000031001007003008001011001011002
309020001001001002002001004001004002004003004004004005005001006001007001002003104000031001007003011003011004011005
309030015004015005104000031001004015008006007004015003
309031015004015005104000031001004025008006007004015003
309040001001001002001015005001006001007001008021004001004002004003004004004005002011002143002142015004015005104000031001004015008006007004015003
309042001001001002001015005001006001007001004001004002004003004004004005008021004025002143002142002144008022008023015001008023015001008023015002001001001002001015005001006001007001008021004001004002004003004004004005002011002143002142015004015005104000031001004015008006007004015003
309051001001001002001011002011002014002003008021004001004002004003004004004005004006005001006001007030007031007007033024101000031002101000031001004086008042007009005015006015011061011062
309052001001001002001011002011002013002014002003008021004001004002004003004004004005004006005001006001007030007031007007033024008002020011020013020012020012020012008002022043101000031002004086008042007004010009005015005015012101012103011001011002101000031001
309053001006002011002013002014002003008021004001004002004003004004004005004006005001006001007030007031007007033024101000031002004086008042007004010009005015005015012101012103011001011002101000031001
309054001001001002001011004001004002004003004004004005005001006001007030007031007007004023004059115000031001008001008023007004010009012101012103007023011001011002008023011019008050008020008050008020
309060102002008041001062001001001002001094002011001018001095025061025068001082001083001081002067002065002066002095002096002097002016002083002080002081001093002084002085002086002082008041004001004002004003008041004001004002004003004004004005201135202130202000201000005001006001007031007007008041005021007005202130006021202000008041201131202129002115010004002115013003202000201000002115011001011002002115102002012101004024002115012103012102101003020012020011020013101002020003008041004025004026005001006001004001004002004003004004004005201135202130202000201000201131202129025069007004013003202000201000002013012101010009102002008040035035
309061001001001002001094002011008041004001004002004003004004004005201135202130202000201000005001006001007031007007008041004001004002004003004004004005201135202130202000201000201131202129025069007004202000201000033077033035033015013009033007033035033015002013012101033007033035033015
309062001001001002001094002011008041004001004002004003004004004005201135202130202000201000005001006001007031007007008041004001004002004003004004004005201135202130202000201000005041004001004002004003004004004005201135202130202000201000005001033035033015006001033035033015007007033035033015011003033035033015011004033035033015033007
309063001001001002001094002011008041004001004002004003004004004005201135202130202000201000005001006001007031007007008041004001004002004003004004004005201135202130202000201000005001033035033015006001033035033015007007033035033015011033033035033015011004033035033015033007
309064001001001002001094002011008041004001004002004003004004004005201135202130202000201000005001006001007031007007008041004001004002004003004004004005201135202130202000201000201131202129104002025069007004033035003015013003033035033015202000201000104002002013012101033035033015012103033035033015010009033035033015
309065001001001002001094002011008041004001004002004003004004004005201135202130202000201000005001006001007031007007008041004001004002004003004004004005201135202130202000201000005001033035033015006001033035033015007007033035033015011003033035033015011004033035033015
309066001001001002001094002011008041004001004002004003004004004005201135202130202000201000005001006001007031007007008041004001004002004003004004004005201135202130202000201000008040201131202129025069007004013003202000201000002013012101012103010009010007011002011001
309194001194001012001013002011002012004001004002004003004004004005004004004005007001020010008002020011020013020012020012020012101000031001007004008001010003012001012003011001011002
309195001195001012001013002011002012004001004002004003004004004005004004004005007001020010008002020011020013020012020012020012101000031001007004008001010003012001012003011001011002
309196001011001012001013002011002012004001004002004003004004004005004004004005007001020010008002020011020013020012020012020012101000031001007004008001010003012001012003011001011002
310001001007002021002022004001004002004003004004004005005001006001007004008003007021007022008012012061020011020016101026002025204007031021012063204000
310002001007002021002022004001004002004003004004004005005001006001007004008003007021007022008012012061020011020016101009007004007004204007031021012001204000
310003001007002021002022004001004002004003004004004005005001006001007004008003007021007022008012012061020011020016101006007004007004204007031021012001204000
310004001007002021002022004001004002004003004004004005005001006001007004008003007021007022008012012061020011020016101003007004007004204007031021013016204000
310005001007002021002022004001004002004003004004004005005001006001007004008003007021007022008012012061020010020016101000031001002025204007031021012063204000
310006001007002021002022004001004002004003004004004005005001006001007004008003007021007022008012012061020010020016101000031001007004007004204007031021012001204000
310007001007002021002022004001004002004003004004004005005001006001007004008003007021007022008012012061020010020016101000031001007004007004204007031021013016204000
310008008070001033001034008070001033001034001007002048005040025075201133005041201000005043025070033030033031004001004002004003004004004005202131201138004006201000202000005001006001202126007001202000007024005021007025005022033033002151012064002151012064002151012064002151012064101019002150025076025077025078033032201132202129012063202000201000002150025079025080033032014045
310009008070001033001034008070001033001034001007002048005040025075201133005041201000005043025070033030033031004001004002004003004004004005202131201138004006201000202000005001006001202126007001202000007024005021007025005022033033002151012064002151012064002151012064002151012064101015002150025076025077025078033032201132202129012063202000201000
310010008070001033001034008070001033001034001007002048005040025075201133005041201000005043025070033030033031004001004002004003004004004005202131201138004006201000202000005001006001202126007001202000007024005021007025005022033033002151012064002151012064002151012064002151012064101005002150025076025077025078033032201132202129012063202000201000
310011008070001033001034008070001033001034001007002048005040025075201133005041201000005043025070033030033031004001004002004003004004004005202131201138004006201000202000005001006001202126007001202000007024005021007025005022033033002151012064002151012064002151012064002151012064
310012002150025076025077025078033032201132202129012063202000201000
310013001007005040004001004002004003004004004005004006005001006001007025005043025085201131202129002150008023008072014027008072014027002150008023008072014027008072014027002150008023008072014027008072014027202000201000201132202129002150008023008072012063008072012063002150008023008072012063008072012063008023008072012063008072012063002150008023008072012063008072012063202000201000
310014002143002142002145002146004001004002004003004004004005004006005001006001002152002023007004011001011002002153002154012071002163002164008012007024002057008021004001004002004003004004008021004024110004008021004004004005004006008021004004004005004006011001011002103010002163007004012001
310015002143002142002145002146004001004002004003004004004005004006005001006001007024010002002152002023007004011001011002002153002154012071101003002153002154020081020082020012002152002024007004007004013003101003002152002166002167002153002154012075012076012063
310016002143002142002145002146004001004002004003004004004005004006005001006001007024010002002152002023007004011001011002002153002154012071101012002153002154020081020082020012002152002024007004007004013003101012002152002166002167002153002154012075012076012063
310018001007005040004001004043004004004005004006207002026030207000005002006002033072007025005022207002015001207000008003207001010004207000008003008003033042207001007004207000207002015001207000008003207002020081207000020065008029207004015030207000008075
310019001007002019004001004002004003004004004005004006004004004005007025008021007025008021007025008021008029005040008075008003207002015001207000033070015030207002020081207000008003033042007004207002015001207000008003113021007004007004207002008021015005008021015005033007207000008026101020025143008026008043109015007004008090207006015008207000008090207002033007207000008043033071108008202124201107002071201000202000207002020081207000
310020001007002019001033002172004001004002004003004004004005004006005001006001102004027001028001007022005043020010020016033003010040108000031001201131202129007004007004202000201000015020010002
310021108000031001201131202129007004007004202000201000015020010002
310022001007002019001033002172
310023002143002142002145002146004001004002004003004004004005004006005001006001030021030022008012007024007025010002101012002153002154020081020082020012105002002152002024007004007004013003101012002152002166002167002153002154012075012076012063
310024002143002142002145002146004001004002004003004004004005004006005001006001030021030022008012007024007025010002101003002153002154020081020082020012105002002152002024007004007004013003101003002152002166002167002153002154012075012076012063
310025001007008021004001004002004003004004004005201138202131004006202000201000201132005041201000201129005043201000005002006002013040020029104024005042012163021083021084115003004001004002004003201142202131004026202000201000005001006001201138201129007001202000201000008021004001004002004003004004004005005040101003012070025054101004025055008007104028005002006002002111005021
310026001007002019001033002172025060008021004001004002004003004004004005201138202131004006202000201000033039033007027031028031010031001041001042001043002020001050202127027031028031010031202000001041001042001043201133202131004016202000201000005001006001027031028031010031010035005021010036113000031002005001006001005021108000031001002121007040015037008023201125015037201000008023033007108000031002007007015036008023201123015036201000008023033007116000031002007009010004012001013001008023201120010004201000201122012001201000201123013001201000008023033007008003007009010004008023201120010004201000008023033007
310027002143002142002145002146004001004002004003004004004005004006005001006001030021030022010002020082008012020082008012020081008003020081008003020081008003020081008003002152002167101011002153002154012063008001012063008001012063008001008003012063008003012063008003012063008003
310029110000031001201138202130007004007004202000201000015020010002012101013098
310030001007002019001033002172004001004002004003004004004005004006005001006001102004027001028001007022005043020010020016033003010040110000031001201138202130007004007004202000201000015020010002012101013098
310050001007005040201133005041201000201132025070201000202126007001202000007025005022102009002151012064002019004001004002004003004004004005202131201138004006201000202000005001006001007024005021005043101000031002201134005042201000025076033032012163101004201134005042201000025076033032201131202129102002008023014027008023202000201000020010002019004001004002004003004004004005202131201138004006201000202000005001006001007024005021005043101015201134005042201000025076033032012163002019004001004002004003004004004005202131201138004006201000202000005001006001007024005021005043101004201134005042201000025076033032012163
310051001007005040201133005041201000201132025070201000202126007001202000007025005022102009002151012064
310052002019004001004002004003004004004005202131201138004006201000202000005001006001007024005021005043
310053201134005042201000025076033032012163
310054201134005042201000025076033032201131202129102002008023014027008023202000201000
310055001007005040201133005041201000201132025070201000202126007001202000007025005022102009002151012064002019004001004002004003004004004005202131201138004006201000202000005001006001007024005021005043102020025076025051101000031002025050
310193004001004002004003004004004005004006005001006001002252002023007004011001011002002197002198012193102000031001020193020194020012002252104000031001002199007004007004013003002252105000031001002254002251002197002198012063
310194004001004002004003004004004005004006005001006001002252002023007004011001011002002197002198012193102000031001020193020194020012002252104000031001002199007004007004013003002252105000031001002254002251002197002198012194
310195004001004002004003004004004005004006005001006001002252002023007004011001011002002197002198012193002231002232008012007024002057008021004001004002004003004004008021004024110004008021004004004005004006008021004004004005004006011001011002103010002231007004012001
310196004001004002004003004004004005004006005001006001002252104000031001002199007004007004013003002252105000031001002254002251002197002198012063
311001001006002061004001004002004003004004004005005001006001008004007002012001011001011002011031011032011033020041
311002001006001008002001002002002005002062002070002065004001004002004003004004004005004006004004004005007004002064008004010070011001011002012001013002101000031000011034101000031000011035101000031000011075101000031000011076101000031000033025101000031000033026
311003010070011001011002012001013002
311004101000031000011034101000031000011035101000031000011075101000031000011076101000031000033025101000031000033026
311005001008001023005001006001004001004002004003004004004005004006007010008009011001011002011031011036012101033025
311006007010011001011002002064012101012103
311007007010005001006001011001011002002064012101012103
311008001008004001004002004003004004004005004006005001006001008004101000031001007010011001011002002064012101012103
311009001008004001004002004003004004004005004006005001006001008004101000031001007010005001006001011001011002002064012101012103
311193001006001008002061002062002002002005002070002063002001004001004002004003004004004005004004004005008004007004008021011001011002011031011034011035012001012003013003020041
312001001007002023004001004002004003004004004005004006005001006001008003010004012001011001011002
312002001007002023004001004002004003004004004005004006005001006001008003010004011001011002
312003001007002021002022004001004002004003004004004005005001006001008003012001
312004001007002021002022004001004002004003004004004005005001006001008003010004020010012001
312005001007002021002022004001004002004003004004004005005001006001020014
312006001007002024004001004002004003004004004005004006005001006001002024007004007004013003
312007001007002021002022004001004002004003004004004005005001006001014001014001014003
312010001007005040002021005041004001004043
312011202131201149004006201000202126010002202000005043005053
312012202129201132101019012063201000202000
312013005033202129201135012063201000202000
312014001007005040002021005041004001004043202131201149004006201000202126010002202000005043005053105056004004004005005042005052202129201132101019012063201000202000005033202129201135012063201000202000
312015109011004004004005005042005052202129201132101004012063202000201000
312016001007005040002021005041004001004043202131201149004006201000202126010002202000005043005053109011004004004005005042005052202129201132101004012063202000201000
312017109008004004004005005042005052202129201132101003012063202000201000
312018001007005040002021005041004001004043202131201149004006201000202126010002202000005043005053109008004004004005005042005052202129201132101003012063202000201000
312019001007025060001033001034001012004001004002004003004004004005201138202131004006201000202000027031028031010031001041001042001043002021004001004002004003004004004005201138202131004006201000202000004004004005002104002121002113002026002027002111002140202127001013202126007001202000025010021064015015029002021076106012201129006030201000102012005030021075021066
312020001007025060001033001034001012004001004002004003004004004005201138202131004006201000202000027031028031010031001041001042001043002021004001004002004003004004004005201138202131004006201000202000004004004005002104002121002113002026002027002111002140202127001013202126007001202000025010021064015015029002021076104012006030102012005030021075021066
312021001007025060001033001034001012004001004002004003004004004005201138202131004006201000202000027031028031010031001041001042001043002021004001004002004003004004004005201138202131004006201000202000004004004005101003002111002112021062021063021065011012011011021067
312022001007025060001033001034001012004001004002004003004004004005201138202131004006201000202000027031028031010031001041001042001043002021004001004002004003004004004005201138202131004006201000202000004004004005008022011012011050022070022026201141202130007001201000202000010050021068021071021072021073021077021078021079021080021081021082021062015011
312023001007025060001033001034001012004001004002004003004004004005201138202131004006201000202000027031028031010031001041001042001043002021004001004002004003004004004005201138202131004006201000202000004004004005103003008022012061022050021069021085
312024001007025060001033001034001012004001004002004003004004004005201138202131004006201000202000027031028031010031001041001042001043002021004001004002004003004004004005201138202131004006201000202000004004004005002104002121002113002026002027002111002140202127001013202126007001202000025010021064015015029002021076104012006030102012005030021075021066008060008022008060008022025014022101022097022098022099022100
312026001007001012002048021119025060202124002026002027202000005040004001004002004003004004004005004006004004004005005034006034021109011081011082021101021102021103101004201130202129011012202000201000011052201135202130011011202000201000011053021104021110004004004005021118202129201132002112201000201131002111201000202000002104021105021106021107021114021115021116008018021117021111004004004005021118202129201132002112201000201131002111201000202000002104021105021106021107021114021115021116008018021117021112004004004005021118202129201132002112201000201131002111201000202000002104021105021106021107021114021115021116008018021117021113004004004005021118202129201132002112201000201131002111201000202000002104021105021106021107021114021115021116008018021117
312027001007025060001033001034001012004001004002004003004004004005201138202131004006201000202000027031028031010031001041001042001043002021004001004002004003004004004005201138202131004006201000202000004004004005105009004004004005007021012061007021012061021085021070
312028001007001012002048021119025060202124002026002027202000005040004001004002004003004004004005004006004004004005008025201136004006201000005034006034021109011081011082021101021102021103021120021121013055021122101004201130202129011012202000201000011052201135202130011011202000201000011053021104101002002104008022012063012065021110004004004005021118202129201132002112201000201131002111201000202000002104021123021106021107021114021115021116008018021117021111004004004005021118202129201132002112201000201131002111201000202000002104021123021106021107021114021115021116008018021117021112004004004005021118202129201132002112201000201131002111201000202000002104021123021106021107021114021115021116008018021117021113004004004005021118202129201132002112201000201131002111201000202000002104021123021106021107021114021115021116008018021117
312030201130202129011012202000201000011052201135202130011011202000201000011053021104
312031005034006034021109011081011082021101021102021103
312032021120021121013055021122
312033002104008022012063012065
312041201141202130007001201000202000
312042021077021078021079021080021081021082
312045001007002019001096025061005040004001004002004003004004004005004006005001006001007002012180012181012182012183012184012185002174021086012186021087012187033043
312050001007002019001096025061005040004001004002004003004004004005004006005001006001007025005022010080027080008003007004013093008003201131202129007004007004202000201000013095
312051001007002019001096025061004050008075004001004002004003004004004005004006005001006001001012201131001013201000010032010033010034007002008012025110025111025102025103025104025105025106025107025108002111002121002026002027021130021131021132021133021064025014021134107018005030105024201130006030201000021135021136033044
312052001007002019001096025061005040025120025121025124025125025122025123004001004002004003004004004005004006005001006001007002002119033047010081010082010083010084002116002117002118002156002157014055022150022151022152022153022154022155022156022157022158022159021137021138021139021140021141022142010085010086010087010088010089010090010091010092010093011002025126025127025128025129025130025131025132025133025134025135025136025137013096013097013095013096012188012189002158002159033052033053021143021144
312053001007002019001096025061005040008075004001004002004003004004004005004006005001006001001012201131001013201000010032010033010034007002008012025110025111025102002104025103025104025105025106025107025108011001011002022160025138201130202129022021202000201000033048033049002026002027021130021131021132021133025014106036005030104024201130006030201000022161033044
312055005033005040006034010095021157
312056025060001032011082011081020095020096021155201133021101021102201000
312057201130202129011012202000201000201131202129011011202000201000021156021104
312058001033001034025060001007002019001012004001004002004003004004004005004006005001006001005033005040006034010095021157021150101003008085202129201131002111201000202000002134021062021063021158021159021160021161021162021163021164021165021166
312059025060001032011082011081020095020096021155201133021101021102201000101000031001201130202129011012202000201000201131202129011011202000201000021156021104
312060025060025062040001040002021062021151021152021153021154021062021088040003040004040005040007020065040008040009040010
312061001033001034025060001007002019001012004001004002004003004004004005004006005001006001005033005040006034010095021157021150101003008085202129201131002111201000202000002134021062021063021158021159021160021161021162021163021164021165021166025060025062040001040002021062021151021152021153021154021062021088040003040004040005040007020065040008040009040010025060001032011082011081020095020096021155201133021101021102201000101000031001201130202129011012202000201000201131202129011011202000201000021156021104
312070001007002019001144001124030010004001004002004003004004004005004006005001006001007012015012012165012166012167012168027010028010002099013048025081025082025083025084012080012081012082025174033028
312200001007001012002021004001004002004003004004004005201138202131004006201000202000004004004005002104002121002113002026002027002111002192202127001013202126007001202000025010021194029002021206104012006232102012005232021205021196
312201001007001012002021004001004002004003004004004005201138202131004006201000202000004004004005101003002111002112021192021193021195011012011011021197
312202001007001012002021004001004002004003004004004005201138202131004006201000202000004004004005008022011012011050201131202129022021201000202000022243201141202130007001201000202000010050021198021201021202021203021207021208021209021210021211021212
312203001007001012002021004001004002004003004004004005201138202131004006201000202000004004004005008022012061022050021204021199021214021215
312204001007001012002021004001004002004003004004004005201138202131004006201000202000004004004005101003002111002112021192021193021195011012011011021197001031011012011011021200021213004004008021004024055003011012011011
312207001007001012002021004001004002004003004004004005201138202131004006201000202000004004004005008022011012011050201131202129022021201000202000022243201141202130007001201000202000010050021198021201021202021203021207021208021209021210021211021212001031001032033191
312208001031001032008022008021004001004002004003004004004005004006004004004005201131202129022021201000202000011002001007002021004001004002004003004004004005004006004004004005001032001192201131202129022021201000202000011002
312209001031001032001192004001004002004003004004004005004006004004004005201131202129022021201000202000201130202129022011201000202000022001011001011002104000022192102000005232022191
312210001007001012002021004001004002004003004004004005201138202131004006201000202000004004004005008022011012011050201131202129022021201000202000022243201141202130007001201000202000010050021198021201021202021203021207021208021209021210021211021212021192015202004001004002004003004004004005201138202131004006201000202000005217006217007217001208001209001210
312211001007001012002048021119025060202124002026002027202000005040004001004002004003004004004005004006004004004005005034006034021109011081011082021101021102021103101004201130202129011012202000201000011052201135202130011011202000201000011053021104021110101004004004004005021118202129201132002112201000201131002111201000202000002104021105021106021107021114021115021116008018021117021111101004004004004005021118202129201132002112201000201131002111201000202000002104021105021106021107021114021115021116008018021117021112101004004004004005021118202129201132002112201000201131002111201000202000002104021105021106021107021114021115021116008018021117021113101004004004004005021118202129201132002112201000201131002111201000202000002104021105021106021107021114021115021116008018021117
312212004004004005021118202129201132002112201000201131002111201000202000002104021105021106021107021114021115021116008018021117
313009021001101000031001021001
313010021036101000031001021036
313031006002006012101000031002030001
313032005002005012101000031002006002006012101000031002030001
313041006002110000031001104000031001006012101000031012030001006012101000031001030001
313042005002005012101000031002006002110000031001104000031001006012101000031012030001006012101000031001030001
313043006002005002005012112000031001110000031001104000031001006012101000031011030001101000031001030001
315001001011004001004002004003004004004005004004004005002032102000031001007062022042
315002001011004001004002004003004004004005004004004005002032002033103000031001007062022043022062
315003001087001085001086002036002148002149022055022056022056004001004002004003004004004005005001006001008080033050109000031002007065008080033050022045008080033050022064008080033050
316001004001004002004003004004004004004005001021002041019001010051019002019003019004
316002008021004001004002004003004004004005001033008021004001004002004003004004004005007002007002
316003110000031001008011008007104000031001005002006002010002011002008007008011
316004111000031001008011008007007002007002102000031001005002006002011031008007008011
316005108000031001008005008007005002006002001026019001008007008005
316006112000031001008011008007007002007002102000031001005002006002020011020012008007008011
316007110000031001008011008007104000031001005002006002019005019006008007008011
316008111000031001008001008007008023103000031001005002006002010002008023008007008001
316009111000031001008011008007007002007002102000031001005002006002020041008007008011
316010107000031001008011008007001022005002006002008007008011
316011116000031001008011001022008007102000031001005002006002008021004001004002004003004004004005020090008021008007008011
316022001032002041019001019010018000031001008021004014008005004004004005019005019006010004011041008021004075011040019008105004005021005021102002019003019004
316030102002004001004002004003004004004005001037010064008019001062008019001065008019001062008019
316031008021004001004002004003004004004005008007101000001001001002008040033042007010101000031002005002006002019007008040019005019006020028008021
316032008021004001004002004003004004004005008007101000001001001002008040033042007010101000031002005002006002019007008040008021
316033008021004001004002004003004004004005101000031001008007101000001001001002008040033042007010101000031002005002006002019007008040008021
316034008079102002004001004002004003004004004005001037010064008019001062008019001065008019001062008019008011001022008007004004004005008007020090008021004001004002004003004004004005008007101000001001001002008040033042007010101000031002005002006002019007008040019005019006020028008021101000031000008021004001004002004003004004004005008007101000001001001002008040033042007010101000031002005002006002019007008040008021101000031001008021004001004002004003004004004005101000031001008007101000001001001002008040033042007010101000031002005002006002019007008040008021008011008079
316035008079102002004001004002004003004004004005001037010064008019001062008019001065008019001062008019008011020023020021020008008021004001004002004003004004004005008007101000001001001002008040033042007010101000031002005002006002019007008040019005019006020028008021008011008079
316036008079001018002001004001004002004003005002006002007001008011001027008021004001004002004003004004004005008007101000001001001002008040033042007010101000031002005002006002019007008040019005019006020028008021101000031000008021004001004002004003004004004005008007101000001001001002008040033042007010101000031002005002006002019007008040008021101000031001008021004001004002004003004004004005101000031001008007101000001001001002008040033042007010101000031002005002006002019007008040008021008011008079
316037008079102002004001004002004003004004004005001037010064008019001062008019001065008019001062008019008011011031008021004001004002004003004004004005008007101000001001001002008040033042007010101000031002005002006002019007008040019005019006020028008021008011008079
316038008079102002004001004002004003004004004005001037010064008019001062008019001065008019001062008019008011020041020021008021004001004002004003004004004005008007101000001001001002008040033042007010101000031002005002006002019007008040019005019006020028008021008011008079
316039008079102002004001004002004003004004004005001037010064008019001062008019001065008019001062008019008011020024008021004001004002004003004004004005008007101000001001001002008040033042007010101000031002005002006002019007008040019005019006020028008021008011008079
316040102002004001004002004003004004004005001037010064008019001062008019001065008019001062008019008079102002004001004002004003004004004005001037010064008079
316050001001001002004001004002004003004004004005002160008005005002006002008005019100019005019006019101019102019103019104019105
316052001035001034004001004002004003004004004005001007025150122000031001001027019150019106008005005002006002008005019107019005019006019108019109019110019111019112019113019114019115019116019117019118019119
319071102002004001004002004003004004004005101000031002008079008041001039008021102002004001004002004003004004004005008007101000001001001002008040033042007010101000031002005002006002019007008040008021020006033042020013033042020001020025020026008041008079101000031002008079008041001039008021102002004001004002004003004004004005008007101000001001001002008040033042007010101000031002005002006002019007008040008021020006020025020026008041008079
316072102002004001004002004003004004004005101000031002008079008011001039008021102002004001004002004003004004004005008007101000001001001002008040033042007010101000031002005002006002019007008040008021011031008011008079101000031002008079008041001039008021102002004001004002004003004004004005008007101000001001001002008040033042007010101000031002005002006002019007008040008021033042011012008041008079101000031002008079008011001039008021102002004001004002004003004004004005008007101000001001001002008040033042007010101000031002005002006002019007008040008021020023020024008011008079
316073102002004001004002004003004004004005101000031002008079008011001039008021102002004001004002004003004004004005008007101000001001001002008040033042007010101000031002005002006002019007008040008021020041008011008079101000031002008079008041001039008021102002004001004002004003004004004005008007101000001001001002008040033042007010101000031002005002006002019007008040008021008041008079
316074001039008021102002004001004002004003004004004005008007101000001001001002008040033042007010101000031002005002006002019007008040008021
316075008079008041001039008021102002004001004002004003004004004005008007101000001001001002008040033042007010101000031002005002006002019007008040008021020006033042020013033042020001020025020026008041008079
316076008079008041001039008021102002004001004002004003004004004005008007101000001001001002008040033042007010101000031002005002006002019007008040008021020006020025020026008041008079
316077008079008011001039008021102002004001004002004003004004004005008007101000001001001002008040033042007010101000031002005002006002019007008040008021011031008011008079
316078008079008041001039008021102002004001004002004003004004004005008007101000001001001002008040033042007010101000031002005002006002019007008040008021033042011012008041008079
316079008079008011001039008021102002004001004002004003004004004005008007101000001001001002008040033042007010101000031002005002006002019007008040008021020023020024008011008079
316080008079008011001039008021102002004001004002004003004004004005008007101000001001001002008040033042007010101000031002005002006002019007008040008021020041008011008079
316081008079008041001039008021102002004001004002004003004004004005008007101000001001001002008040033042007010101000031002005002006002019007008040008021008041008079
318001005002006002004003004004004005024011
318003005001006001004003004003004004004004004005004005024005024004024021
318004005002006002004003004004004005004023013011024005024004024022
321001002101002114002105002106002107002121
321003021051021014021017021030
321004001001001002002001004001004002004003004004004005005001006001007001002003101000031001021051021014021017021030
321005025004002121002122002123002124002125002126002127002128002129002130002131
321006025001025002025003025005
321007025009025010025011025012025013025015025016025017
321008025006025007025008
321009025018025019
321010002101007002002102002103002104002105002106002107002108002109002110002132002133
321011030031030032029002
321012101000031001002135
321021002003002101201130002106201000201132202130002121202000201000201133202129025001202000201000
321022010007204001031021011001204000011002204001031021011006204000021030
321023007007021091021030202129021014201129021017202000201000
321024007007204002031021012007011006204000021030
321025007007021091021030202129021014201129021017202000201000021092021030025092201129202129021017202000201000
321026010007204001031021012007025091011071011072011073011074204000
321027021118202129201132002112201000201131002111201000202000002104021105021106021107021114021115021116008018021117
321028021118202129201132002112201000201131002111201000202000002104021123021106021107021114021115021116008018021117
321030008085202129201131002111201000202000002134021062021063021158021159021160021161021162021163021164021165021166
322028001007002019004001004002004003004004004005004006005001006001027001028001027001028001027001028001027001028001010001014019007025010080005023020010008003007004014026020014013093105000031001007004007004008043008044015021
340001001007001031002019002020004001004002004003004004004005202131201138004006201000202000005001006001007024005021007025005022005043005040201133005041201000201133025070201000202126007001202000033060033061033062033063033064033065101010101087025140025141025142104100201136005042201000014046002019025051101007005060005061025085105006005042025142014047025142014048
340003025140025141025142104100201136005042201000014046
340004005060005061025085105006005042025142014047025142014048
340005001007002019001096025061005044005040001030004001004002004003004004004005004007005001006001008029008074008077040011025097025095025098025099021144025096040012040013021169022151022162022163025160025133022156022164022165022166021137021138022167021139021118021145021146021147022168022169022170025161025162022171022172022173022174021170021171022175021172021118021178021173021174021175002153012063002153012063002153012063013090013091007002011097011098007002011095011096010096010081010082010083010101025132025163025126025128025164010085010097010086010087010092010088010089010098010099010090010100010093025127040014